0.09412262020780292 0.07170352767966141 0.11530203711226285 0.1507464838845217 0.0846366885986467 0.09095187240044784 0.09988522101438613 0.09196077832361632 0.12126157536587605 0.0794291954127781
0.1444182122698022 0.06373005292832924 0.14133996189825387 0.13320358700827856 0.11182627616514505 0.05924194115557934 0.07819011661851602 0.12466202098790047 0.06897767903146286 0.07441015193673237
0.0967845489126772 0.11562101857696809 0.1319943138513215 0.06164104861946827 0.0713282921204032 0.13625437779626443 0.11445592657942281 0.0705566337568075 0.0931717305377277 0.10819210924893934
0.1350315777943951 0.06015077216448464 0.06890466541137098 0.07973585760900317 0.09975883667157918 0.13158800671564772 0.089606781973383 0.1266717636836825 0.11855301174620483 0.08999872623024885
0.09269825306890618 0.10981073361550016 0.08036069495538788 0.06050587685831128 0.10885392395071551 0.13784507712534227 0.12327096821802894 0.0802430587955882 0.09803235475787281 0.10837905865434669
0.07710859520495086 0.07285113054715196 0.08155870365210992 0.1077155630050725 0.09405259190098236 0.12630182228206724 0.1350559639043045 0.10121952734882565 0.0856783564224396 0.11845774573209548
0.07082281870558628 0.13394733949527599 0.15138497744212973 0.11090038786988292 0.06360840180045975 0.09290485421580451 0.06672557298720101 0.06907001874529191 0.08195233191076062 0.15868329682760712
0.1291069288799021 0.05992048669064979 0.10786046001746176 0.10934765073658723 0.08664356903774871 0.0999948639509787 0.09212622951368608 0.0625497309427265 0.13957678343376248 0.11287329679649663
0.08583745818935798 0.11878371386478334 0.08759098197755655 0.09406505023732735 0.1351014665628441 0.09024636018506703 0.09091568887060927 0.11069255109336612 0.089738448563122 0.09702828045596627
0.05595394351265135 0.14034218344293142 0.05841155672526621 0.119291513190226 0.10082663388763884 0.06905563080215206 0.12920901458623654 0.12682877122119524 0.07514796247973243 0.12493279015196984
0.09099440639776595 0.07410002266062353 0.12418764796911617 0.06337515078706857 0.13727862921075826 0.08562609624647118 0.08129626231183072 0.061186679519097044 0.1379680420273146 0.14398706286995397
0.06835170164374356 0.08976220645618109 0.07043711392991471 0.08597648866437091 0.08141555118370668 0.0887189647115301 0.14790495607539084 0.125238032968054 0.08814765471472091 0.1540473296523872
0.053966551343339275 0.12330491596729762 0.10386806956895318 0.12263632782690316 0.0968609818049957 0.12778473100107784 0.07503998550326164 0.09859938654302489 0.14087430406280643 0.05706474637834025
0.0765146212323318 0.13825927626320905 0.06063713633434466 0.06343919576582326 0.0800221862317399 0.10593006244295208 0.12019681142244959 0.08867158859213349 0.1568717452982442 0.10945737641677189
0.10291268578579854 0.11418029180746532 0.0945494787941661 0.07136203212287882 0.10106823526985925 0.10961572738627569 0.09509396972502057 0.16583512091074248 0.0769060414891486 0.06847641670864454
0.06646527163018369 0.11569675469037216 0.07111739090033686 0.09433481577105973 0.07979415525400214 0.1168162767706558 0.07653139279119403 0.15480096980926408 0.1620793271637194 0.06236364521921219
0.12344726399345743 0.10264394583548092 0.11134474956447941 0.09474206912380778 0.11517204291420692 0.07962591533535036 0.08020054158095555 0.10924493528940855 0.07335572951265025 0.1102228068502028
0.14309204207843967 0.08133699307716258 0.14205653719801378 0.05459103052016869 0.0794633152102903 0.07471143136303082 0.10012322008397812 0.061391362264639454 0.14169698834876499 0.12153707985551145
0.12038327348756417 0.06571620154464365 0.07692908820943943 0.14914548785357185 0.09374851893020938 0.0899776086017265 0.08321925483409277 0.11587741558828701 0.13483293803602409 0.07017021291444114
0.09744707775785326 0.09881153462430416 0.0921103571949063 0.09502560800315656 0.13398831384273288 0.055262811378406836 0.11559045277416842 0.11396069410369154 0.07167583235420312 0.12612731796657692
0.0784969064291329 0.08243858112884528 0.0876954948080684 0.12861507603163302 0.062123963144328484 0.07661404086586066 0.15344559096674235 0.1441448910996897 0.06180196988312125 0.12462348564257786
0.15598622947431548 0.10959970119609753 0.08739012058778452 0.09145024475203244 0.1560444613151194 0.09943572009509766 0.07546155372924386 0.07027579905493786 0.06955362925247388 0.0848025405428972
0.0739401237954062 0.14399000025302092 0.06975680251324937 0.08942946245708963 0.09670497913957107 0.1224775675605017 0.12776860873537083 0.10284297055791534 0.07068007482547152 0.10240941016240349
0.0819646948124182 0.11884755549764439 0.15909295320842526 0.06866096044596957 0.08800547634834507 0.10576108024972015 0.07901018615115732 0.14678592707370725 0.0716597794019954 0.08021138681061732
0.058272486409268305 0.07989404609833776 0.09898454208923564 0.13493144486262462 0.06437418715059369 0.08859762226517855 0.1414254687616231 0.13550299567705293 0.08865366329044475 0.10936354339564074
0.13053622816132118 0.09924522071706465 0.07306742205968399 0.060019235084888475 0.05793999139861005 0.12757985155652174 0.056891605272650934 0.13816787497609162 0.1153523719245214 0.14120019884864585
0.14291007950893284 0.07174297429248776 0.09079056567765507 0.11954073572355264 0.1125468908872612 0.12675169210902165 0.137007925380587 0.055630425782599253 0.07785948006121896 0.06521923057668365
0.07094423620302302 0.11451305863083591 0.11530639023361 0.11052797814378375 0.10805198219253723 0.14637675614563092 0.11911229745941579 0.08194303981735913 0.05799251935341252 0.07523174182039173
0.07277705846496768 0.14773740712428107 0.11915696215310552 0.10725857083695296 0.1380494392299372 0.07317829805216244 0.08514028901110164 0.09969519738318791 0.08641584521275003 0.07059093253155348
0.06645419600546311 0.13792132571993299 0.0821423875445278 0.0784201291608794 0.13916972822756304 0.12770304315390674 0.07633672654821483 0.1024920227446132 0.0645636888694106 0.12479675202548846
0.08907643925334516 0.0750151919342176 0.08532477882620462 0.13522572300296865 0.10488605344866969 0.0775179329988038 0.14482031131830334 0.0682498128441708 0.11422585372690573 0.10565790264641052
0.10956099647183447 0.06555176959403355 0.13453629634954561 0.07816539299011614 0.12701982733171285 0.08518593708932946 0.1422348156144364 0.07468456391759702 0.10417887178023129 0.07888152886116323
0.1413707399776755 0.09073303396767694 0.09278326465541978 0.14836750101670118 0.07248059334389287 0.07764111436654501 0.08521174059225217 0.0994968969907667 0.11991779415223623 0.07199732093683367
0.1494804752768119 0.13064004435665397 0.060984806728832684 0.11145624186280335 0.11498593914298168 0.08790666098762413 0.07187913619846288 0.12828325285152403 0.07852662766170862 0.06585681493259661
0.07549259774198779 0.07575941885694917 0.13440605276344358 0.10091390956848781 0.06859889765631086 0.15742672645672887 0.11344550160480767 0.10582734825645464 0.09971793879058215 0.06841160830424758
0.07684155573086104 0.10471527942614989 0.08767967238991778 0.10133593488989992 0.0897346556641298 0.10520792723607109 0.09071710956118151 0.12587083375132133 0.11699317393466283 0.10090385741580488
0.12203833729739048 0.0761190781274253 0.06818726087048538 0.13047216011160329 0.10447326868333931 0.08127670554615897 0.12389473029553767 0.13887993125136402 0.0607889293184838 0.093869598498212
0.14301679185134986 0.0671025954930318 0.07791908622169172 0.08161261790864914 0.08756420406460536 0.13016451948422583 0.09477142376172673 0.08015149001547432 0.12468757881336277 0.11300969238588245
0.12688073455633633 0.10366482324568059 0.10066698412516074 0.07599659004705936 0.13504702382950992 0.08231633631405043 0.09331472982024058 0.06325442388193513 0.09706356154636324 0.12179479263366365
0.11311450782440667 0.15283482901583972 0.10385839591615312 0.09334999132053469 0.08474763291290416 0.09097773514098835 0.0740526436114122 0.08832884099363192 0.10082994874282696 0.09790547452130229
0.12177793676656078 0.06670393296795933 0.056682306160066025 0.12359122644148694 0.1050657354955613 0.08510559752751212 0.10445589758335733 0.14249275846035275 0.12898251560110713 0.06514209299603625
0.07982707784395976 0.06010044910170808 0.11842725122691912 0.07355648814993321 0.10252163828646896 0.073530799257293 0.0894080798799846 0.1436976149979555 0.11351883898160574 0.14541176227417213
0.09104767469479941 0.10608188914679859 0.14319658302593088 0.08175795831624363 0.06140755262647206 0.10807662977208454 0.11942385233892652 0.107632899745006 0.10681913160179067 0.07455582873194784
0.09263875511269688 0.12648264482155458 0.12065616842735152 0.11970331023791465 0.07438306545374111 0.09896949038501267 0.0806696366763703 0.0733589721490918 0.13389594927589812 0.07924200746036852
0.06399051636952229 0.14603509877116952 0.06064811532124663 0.1252671214649228 0.12491765615568808 0.12030704103969386 0.1268652427790221 0.0798000454333887 0.06047134971111769 0.09169781295422816
0.10648378653120241 0.08416506000757844 0.10730005121918894 0.0740868059411715 0.09914685774653734 0.08662601215428582 0.11998312668464226 0.1250261914416348 0.08859786123651452 0.10858424703724402
0.13465583511134988 0.09808693013213964 0.1238721025930847 0.0727657489727566 0.09233632232594718 0.09731485546479114 0.11881769929032013 0.07287750290690638 0.12045292539145412 0.06882007781125016
0.12085722599258533 0.08814755509673451 0.08659797026375537 0.07616199953080677 0.09008394383272163 0.09734415646457047 0.14873218650508396 0.08734439670102326 0.1129616413343504 0.09176892427836823
0.08234335173554276 0.11405875885689523 0.0825616928090066 0.09893608776176183 0.08497014126321428 0.06397954794054339 0.1417016806121224 0.14156267122649013 0.12920674584620442 0.06067932194821882
0.1371261666078853 0.13353266392294072 0.057415037384390556 0.09888524068646955 0.06345067951660946 0.10812760956829856 0.08572447512512624 0.09793155106488789 0.09120859566337815 0.12659798046001353
=====
0.07514948322837954 0.061293110235064056 0.12286028510555391 0.09017288289272272 0.07860488482461889 0.1120441776340874 0.11351667442491477 0.13698726115488166 0.07591110126606807 0.13346013923370909
0.11303116662740202 0.15719319224263645 0.15601450331587485 0.06475370241525953 0.12831298415520395 0.0831758187661074 0.07104111136555467 0.07438069157420008 0.0854038862722698 0.0666929432654911
0.09656448007789754 0.10953458313009994 0.07791703656541206 0.06065177482568458 0.10224346103062644 0.1450427131727825 0.13104952014890803 0.09588769362073149 0.06642118781333578 0.11468754961452168
0.10743679124657034 0.10938086615167447 0.12968732967174423 0.07196043089658873 0.09521373886216244 0.13697723764202374 0.1267826896292166 0.06696185259021044 0.0689235479983071 0.08667551531150193
0.0700649324145157 0.08447922320577943 0.14662039781918904 0.085219063204823 0.07648453510213002 0.16475079583832047 0.14827802948497198 0.07100687092890788 0.08514089328173205 0.06795525871963046
0.1439181974947718 0.06852089951126185 0.11420943989595193 0.10927340331263184 0.07068202884210725 0.07716743096769213 0.06669812485193734 0.07665690688680799 0.10767401825216032 0.16519954998467745
0.06737843482893245 0.07599192011888169 0.08618224899830168 0.15760171421300642 0.12463866270156235 0.06847907058700928 0.14055552579562097 0.06913424440007297 0.09319960212924115 0.11683857622737101
0.06673960948067095 0.08190021202616857 0.080374769554754 0.09634594359131288 0.1439595897789298 0.1577067901961976 0.1226134912444119 0.06694301294021805 0.0721990810490884 0.11121750013824785
0.09131332842127535 0.056892735143980015 0.07298428172234686 0.06950784428094073 0.057978249012118115 0.13611172770338292 0.13270124987537826 0.1132135894366678 0.14174839238058592 0.12754860202332385
0.08951075248213794 0.0804694959946617 0.08480341557973085 0.14047140735396813 0.08543086412217626 0.11635687001274105 0.14177424470045558 0.09704805824312789 0.092799742193575 0.07133514931742554
0.10095393342167724 0.11588529265149267 0.07671138086308076 0.09675535358550551 0.08485043950488506 0.08464483918022467 0.11747288582593722 0.06860215829428815 0.11620203413513261 0.137921682537776
0.1581469260976128 0.07978754656771579 0.07521397392965744 0.10084644163501025 0.11398350438375295 0.06284369815422837 0.14266742128412904 0.06967398889671463 0.07428350876600362 0.12255299028517525
0.11906128008243264 0.11675070493251712 0.1243882861718162 0.10160134194873674 0.08709733984206969 0.08109884478970437 0.0888522599770379 0.12369604439977082 0.08130862976814278 0.07614526808777176
0.07071382760931262 0.07844098781119525 0.10380477475390297 0.09492142880725077 0.07168996252847057 0.07466588201850699 0.12314274638904205 0.0709886697196386 0.15800079096956116 0.15363092939311906
0.12834706998671686 0.08634252759419811 0.06260166294255881 0.08501300973169404 0.1428541461690297 0.09954679343678959 0.11318960541197837 0.07169257176835074 0.10689177018360227 0.10352084277508139
0.08884561707434423 0.0730580210050794 0.11088614623206246 0.1197806206536022 0.12554799697427635 0.07535169992546815 0.07580277172959432 0.14270465177787134 0.07285765870718562 0.11516481592051586
0.08820964265958754 0.07321462956065845 0.1446562434582979 0.12648120517812445 0.10609592668444737 0.08859854741420013 0.11392420117182951 0.0948379084246915 0.06878038164977829 0.09520131379838499
0.06309782842744757 0.09581883390857086 0.12314710202472254 0.07596059573458999 0.05687158787866388 0.1481343366509467 0.07945379602436255 0.1268277966831934 0.13718431056999233 0.09350381209751012
0.06343796542462218 0.07218295181275088 0.14332434718559575 0.1290961193766174 0.10948365371419488 0.06337248927060873 0.14923046768257692 0.06921000350183708 0.11010958426981024 0.09055241776138595
0.08074626907872856 0.15046011298060513 0.12039106684346057 0.059146830222058244 0.14320381590402131 0.058828241901544 0.1264070616915175 0.05891497358782814 0.11858524471738861 0.08331638307284787
0.12197647637780505 0.10919389091857279 0.06723068529240117 0.12710744826737538 0.07247706069715179 0.12974411289185028 0.08513257377569336 0.12774664059830537 0.09031012685777792 0.06908098432306699
0.11129152462071155 0.07037685411601133 0.1509506873751313 0.07144590368872407 0.0598149587978703 0.10132744293014427 0.15041388799643352 0.0946508020360993 0.11371659270665571 0.07601134573221865
0.10166099384146349 0.1392321000842997 0.11351127036172955 0.06475531805496072 0.07913407827159064 0.07758092231007858 0.11358542026581803 0.06792886299588441 0.12759963556254444 0.11501139825163037
0.1462579543016195 0.09225785972709262 0.11463714169317675 0.11408530982850579 0.1090109462133276 0.07928532009218066 0.13246210400783956 0.06454078725732623 0.07671495302807194 0.07074762385085943
0.06688905479469832 0.14323181850612918 0.09264428854955843 0.14600858484039383 0.10649335385068803 0.06480442102487384 0.11192944399095513 0.0756681924290464 0.11996170452378323 0.07236913748987349
0.08913020957037797 0.11299739782495333 0.07995295355682036 0.09348070919717996 0.07404043883360616 0.13860992224920246 0.07260960987412171 0.08577800444499915 0.12452706038771123 0.1288736940610277
0.14337347337876494 0.12347637062642838 0.0771126390423934 0.06179467014214564 0.055244092249778 0.08768730755041121 0.14138789830831633 0.11196029216708078 0.05999634931202709 0.1379669072226541
0.07433638821784679 0.11376200530137605 0.06208283359534243 0.11480212966511719 0.10864122449190768 0.14488454268691373 0.07145413686245297 0.14219286729928673 0.06999444970835558 0.09784942217140079
0.09263732718614914 0.09804566258691688 0.11359948290266268 0.06263610362910263 0.0843571124887095 0.15619036355326638 0.10275900442923859 0.12904049975840734 0.06730665312678065 0.09342779033876616
0.09036127700300486 0.09048462784664121 0.1239197788217039 0.13991607371024556 0.08177859233513372 0.0685045745038566 0.09366356575465042 0.10451029368787874 0.06061245974346529 0.14624875659341968
0.09984740633897614 0.08095523451765506 0.06971703086047173 0.07504295101776363 0.1279507432173762 0.1023520743311093 0.12761374753291013 0.10981876000118984 0.09808540331383479 0.10861664886871307
0.08631095470212465 0.08179976845138853 0.11057352336695542 0.1309792419098743 0.1363068124171866 0.0640442957025829 0.0941444482586777 0.11134943308215951 0.07313746620363994 0.11135405590541063
0.15168794260078283 0.10358142956018182 0.08279372852868501 0.11708183441769575 0.07384279334566478 0.07370904901005368 0.1640597956186188 0.07221378190628727 0.09373912365430784 0.06729052135772223
0.07910335036189829 0.11397284166897173 0.05953837575901749 0.12242697040262218 0.1134827020980803 0.12405317077373335 0.08685731332004407 0.06208230890730399 0.09890656240351632 0.13957640430481222
0.0726746156604445 0.13156971700066072 0.06908679468178497 0.06077868021599846 0.09541912837403992 0.06455088968951106 0.11164285192596124 0.08621667125180144 0.15814181506732372 0.14991883613247392
0.08675810900960723 0.16101785715928993 0.08445585912584638 0.07494056506396525 0.15655719039365704 0.07763965469137063 0.16179292228913025 0.06748483586309764 0.06590401623029726 0.06344899017373838
0.08810459939852781 0.10636149161364872 0.14443076111551162 0.08711639398753786 0.13556222803696696 0.05882286275804049 0.10283694175706853 0.06270190497472908 0.14216760550157154 0.07189521085639747
0.15067794474966414 0.0782693033365893 0.15236162568775266 0.11147536080133666 0.09490794477405806 0.09274708410281426 0.060626874681925645 0.112971174691209 0.07673281754525002 0.06922986962940028
0.0748520753276275 0.11835999339106719 0.13720626615198803 0.11197558773170017 0.09144048526976895 0.09065027088880734 0.07779439310688012 0.13812300075211717 0.07314326149762486 0.08645466588241865
0.10145037368917242 0.09897728088173967 0.16789235362290827 0.07767710870021248 0.07589656741896793 0.07905713751916058 0.08981888566740977 0.12479175970997483 0.07487796088495949 0.1095605719054947
0.11733170743319395 0.10753606175497855 0.0967309186570887 0.1168840385287625 0.08771142683924596 0.08522500931874866 0.1358006754315819 0.08698634295781206 0.10794646549919876 0.057847353579388854
0.1020812109090622 0.0755196198059537 0.15647206341080644 0.08984394965306525 0.08227058910891248 0.09750898724725587 0.0969751410196308 0.1009933175688807 0.11563258065972334 0.08270254061670931
0.16569594489126474 0.13339532230271928 0.07010426016359102 0.15650401922888393 0.07687215832833987 0.07770455594254794 0.068461618620186 0.06461096573289103 0.11406681851950547 0.07258433627007073
0.09344294939024093 0.07680408513289476 0.07422319211068941 0.1437548089422976 0.06927309743032746 0.08717624185665063 0.14414015106598743 0.07533003757901684 0.12960692968915047 0.10624850680274452
0.11500229464722121 0.069486706799927 0.07746343699351821 0.12080225715263407 0.06613187193118873 0.05996652945941797 0.14758506419375592 0.09393288348162654 0.1233986257028428 0.1262303296378675
0.07127607859569349 0.06302748796805058 0.09888277050335637 0.0696605564998011 0.11358316022327637 0.09356530787408447 0.13568711488551022 0.13727664666515116 0.12747677068886082 0.08956410609621528
0.07130844004652069 0.0789260389794791 0.14175636343740441 0.10848599702872289 0.09213852752479101 0.10048234834416335 0.08805861272558019 0.11297968295474198 0.13277279396371747 0.07309119499487889
0.12269083376368879 0.09035323720550692 0.08148098495330085 0.11214000224020229 0.0920905289872134 0.08130648554156168 0.06445719043120042 0.1427310216838737 0.14443999760369544 0.06830971758975654
0.09603135329758351 0.0795375070307442 0.06571553469256543 0.10610052555047152 0.10890655400780111 0.11974917433571805 0.09223812390741996 0.10979001185269563 0.12878899634935753 0.09314221897564308
0.11895574889181836 0.12474964419453537 0.08621114128898115 0.13143853443577785 0.10829047127733758 0.07611637623026195 0.07830721852721766 0.07728628809309077 0.06494562137628143 0.1336989556846978
=====
0.09527141776995038 0.11331943821512358 0.09247926046501335 0.07527903851243864 0.10906375431554433 0.11696160454159563 0.08061870171767413 0.10997006664517202 0.0855699348908267 0.12146678292666137
0.07857286641867565 0.06981257212024149 0.10650588533316385 0.10004946733948411 0.0982638378532408 0.08806663985398286 0.11248358212930414 0.12142306107425463 0.08143074381410756 0.14339134406354484
0.09384976637785349 0.07374875577009775 0.13491234687944395 0.06651036706765769 0.07790023408634905 0.11363097883992437 0.07289902641484335 0.12268052622322648 0.14520689073317997 0.09866110760742394
0.1529911965879756 0.06729247926329382 0.1350579840487132 0.09158658418601018 0.1101457124543464 0.11005648297136465 0.0775515767237719 0.08142961600787009 0.09095911979612525 0.08292924796052906
0.11200194686601239 0.11184778625060417 0.0658123431721096 0.09042691373565488 0.13755372456273549 0.0802631795327185 0.07432222103915079 0.1435313962020395 0.07557695334938194 0.10866353528959252
0.07669472929333161 0.1287148289482797 0.06732675710202946 0.06860806126016884 0.08482274709610267 0.08693293648520818 0.14718625990553907 0.07824036305884416 0.10373724157567844 0.15773607527481778
0.07336669182612257 0.0805700655173835 0.09094292705010532 0.07938133683287422 0.10058502268048114 0.1250006312773716 0.14769055083468824 0.07167117071785237 0.07373589257157749 0.15705571069154362
0.07644521251271799 0.13816461856982631 0.056223484869462846 0.0822390590255967 0.0670833542417224 0.12108013580527933 0.10677738745607594 0.10250998844556665 0.10666799159623251 0.14280876747751928
0.09376099176634466 0.1051339103909358 0.08475038426271232 0.07110654963289316 0.17179200366882785 0.09926205167403444 0.0786065249419747 0.12288207810483259 0.06922281033074441 0.10348269522670005
0.11816941380000094 0.07109619199074994 0.14418603269143648 0.08464039364702174 0.11205529089559126 0.05976650028352713 0.06497461619890117 0.06487052117638627 0.14788458868373386 0.13235645063265108
0.08743197397241673 0.08476719769820924 0.15217418731512905 0.08396970491668751 0.08313106810939445 0.07974715773129948 0.10709901441404075 0.07816417701294685 0.07799156384739209 0.16552395498248387
0.05629202086310067 0.1342886460894752 0.07755618456869165 0.07608816285764518 0.08279175873883182 0.09886013892010455 0.10196583177364882 0.10847152867023009 0.1276200541348472 0.13606567338342487
0.07751642972583297 0.13392387043209983 0.10768465754581615 0.058551120734872605 0.05474417188529697 0.1258727237128962 0.11995873179732577 0.1048325867921562 0.11480764619695978 0.10210806117674351
0.11767021774653771 0.1175829384228726 0.07860400299540311 0.058274775454555394 0.12908898961984383 0.07163732080404035 0.06048684889013234 0.1077651291363757 0.13099340567553275 0.12789637125470626
0.06553287485739875 0.07280497225394862 0.12262712814982261 0.09096613289724002 0.12725948296943465 0.12655372130276055 0.11391661440523594 0.0709564860201106 0.09877118475273233 0.11061140239131585
0.1370361156424644 0.05447785753594838 0.12350713196208019 0.11615049206827967 0.14040988881075178 0.08830699381519547 0.062117693369476486 0.08309469943479837 0.13574929272852868 0.05914983463247636
0.08581325594295235 0.14944042171299518 0.10594689933924013 0.10249600286106494 0.06786029877297006 0.1258602340148059 0.07455999314023255 0.13484876092191284 0.06774973309191931 0.08542440020190682
0.122822876959656 0.11738819019449921 0.14508429013204915 0.06434357470829333 0.1394693887382483 0.07138430463297292 0.06618568702494784 0.13322079099205697 0.06275431265923534 0.07734658395804107
0.13411748431720005 0.061274343492352466 0.12759103157977078 0.14266535721307516 0.0662400128551009 0.10214260723811536 0.11528010078862765 0.0980674016685456 0.07677925820693376 0.07584240264027828
0.10497811359818823 0.06742018948153478 0.13305097704447053 0.08162549268629976 0.1013790365554332 0.11784764590563981 0.1228850093284221 0.07192077186037035 0.1126637748392864 0.08622898870035481
0.11212518175390544 0.07761211404761933 0.07955619238136515 0.1236601323589924 0.07502837355181691 0.13871864658100444 0.08916279148436541 0.09873398735041898 0.1437588468249179 0.06164373366559404
0.14451508930514576 0.07343484529244734 0.10278154810928532 0.1162099512005889 0.11676317229329497 0.09216237678688045 0.07680647754164897 0.0690800599783131 0.06433848141761747 0.1439079980747777
0.11470037993585638 0.08415572717988196 0.06031913189111369 0.12804169296033793 0.10065828475025844 0.10181244995578634 0.07870019426788628 0.08439518834204764 0.14047278874393015 0.10674416197290115
0.1352715878476439 0.12865110851075487 0.0801564480073243 0.05949530288219555 0.13891683867243226 0.06945036157122289 0.1232147129765026 0.06655973693922833 0.13240139154351876 0.06588251104917646
0.12750508963199214 0.10193030851914026 0.12734729119185823 0.12407592078540891 0.08238186988144706 0.11885614913191128 0.055290972354857235 0.0756370580261211 0.11040883943874442 0.07656650103851917
0.09414015727917985 0.11622306627557141 0.10822654354186911 0.0923483223860331 0.0984228193072348 0.08267981878001303 0.09751893027773637 0.09539780171876829 0.10431445611002826 0.11072808432356585
0.07484848835702253 0.07353656753808023 0.09274486647863435 0.14734906163127573 0.09296664737481607 0.11211957785037434 0.07274066577075063 0.12778149819776785 0.1464416179096864 0.059471008891591876
0.09333827689041471 0.13191742523627129 0.12588961664892936 0.13068159563448858 0.11707132359706676 0.05627885765914899 0.06132552305458295 0.07874820304070125 0.13410039059605114 0.07064878764234507
0.10381940923911788 0.12467820041005825 0.10966985649578027 0.12216807295285201 0.09405589873481782 0.062335847236755726 0.11058004184355892 0.1302833825327712 0.07198055525583653 0.07042873529845159
0.07889975743690274 0.11905983204195192 0.07398347432085513 0.08196001519320445 0.11718855750715819 0.07296241013759021 0.16082923700026544 0.11438735584578086 0.09738497494868488 0.08334438556760622
0.08415151631479476 0.09630045170447789 0.11782118863363812 0.09062928339247031 0.08644631270813002 0.08784700814749108 0.07030651309071717 0.12446707092169702 0.1435386724149375 0.09849198267164619
0.11436229984804207 0.08115158315464509 0.1302157263428771 0.13985907114504678 0.05808540165925072 0.09254031902913092 0.07074109467217483 0.13740200639091524 0.08431972105683228 0.09132277670108505
0.0700875512469246 0.08276668305840149 0.08190477019351326 0.06736273215041932 0.15563336773763142 0.07680239325810888 0.17223252557212712 0.12881221103124982 0.07417670371561522 0.09022106203600892
0.08832836200778642 0.14211358143695446 0.06257043008179196 0.09008772919829597 0.12694042475264944 0.0977951878517964 0.085020975337707 0.12086542305103236 0.0743487241210253 0.11192916216096073
0.1270042854425581 0.13586989228387336 0.07912046957989709 0.1051035218543703 0.12404821653398443 0.062338038629496655 0.05524059497405001 0.12568841015079302 0.06806516400710899 0.11752140654386815
0.12098413642516326 0.091028715250983 0.08531834763388603 0.09278607173614427 0.14337678700461226 0.06579753895857178 0.13235320339565815 0.09144748673953199 0.056778070264566716 0.12012964259088256
0.1374696302017758 0.11880458229252062 0.12171185185017654 0.13194482967184606 0.09633279942511311 0.0665867416712625 0.09566284992733436 0.054597777741195536 0.09739605177618717 0.0794928854425884
0.10972185954589835 0.11967308976311172 0.09853000373707826 0.10545035110346282 0.09153267732997505 0.12384705195508428 0.06834504578328841 0.10848833934773626 0.06659286968633099 0.1078187117480339
0.10382362196810502 0.11620975684991412 0.1330567587962734 0.06311767511104444 0.06337875445753971 0.0790676349159089 0.11114301097385708 0.11840539895534338 0.06562557185281537 0.14617181611919852
0.06629258323822752 0.08520205809180904 0.14529217649096962 0.12393805400914602 0.06600416442466422 0.07459764154679105 0.13830254855528315 0.08632320776175684 0.11562783571674005 0.09841973016461245
0.09677557038235794 0.09862479279285104 0.10215069989212318 0.1580120272272853 0.08301832994278077 0.11480607922140612 0.08906789176928553 0.08300937411559478 0.07085279484495748 0.10368243981135786
0.11158624008107955 0.11320566291493514 0.06664502863102587 0.12729279648914937 0.07839175761528888 0.07240089225522403 0.11466472718866874 0.14903507322430345 0.09712414464148064 0.06965367695884421
0.0647002410718779 0.13003186347073112 0.06027237275718052 0.07687866194703345 0.08111550622786452 0.10259135360968515 0.15062538420485697 0.12540903809847853 0.13911762743160905 0.06925795118068291
0.06520226031506599 0.12663456502477677 0.08664724476859792 0.14975110180881476 0.1412693490499955 0.06339866135630057 0.07812755044889678 0.10895099627456702 0.10140245315402946 0.07861581779895516
0.08148659107838904 0.08768601939451895 0.12173632134227168 0.07359880238044565 0.1150786428847116 0.07691504928234552 0.08296629760421395 0.11769710381065973 0.12394186725845203 0.11889330496399177
0.11382603462916835 0.06792513138559657 0.10691834531526534 0.11428869546755357 0.07998623530527196 0.16724913639456987 0.09592358457554617 0.0913894206595026 0.09099936846278416 0.0714940478047414
0.08298244251614603 0.09694949887319082 0.14945794447341512 0.07755636889415266 0.1314580286205618 0.10839428144309296 0.08981843335683662 0.06454596622937861 0.09167617480739343 0.10716086078583184
0.13818930750479355 0.12374380730731854 0.06590705284048867 0.10593805795943396 0.08534316289423113 0.08886249632198853 0.08296828668220571 0.10797157186015328 0.07348634684399784 0.1275899097853887
0.05886650644991963 0.14272708240262585 0.08716360026513237 0.07183499417217411 0.11405231305982656 0.11775822460983563 0.14238840547775367 0.06081313788834341 0.10952603491593883 0.09486970075844997
0.12588048336804344 0.09880801142664315 0.11520749378178047 0.10127222874291489 0.09139888441485636 0.130876637964362 0.11267811441945463 0.0658889607227651 0.10457950263497105 0.053409682524208996
=====
0.09797178479118103 0.12289834057465031 0.11755837684786048 0.13814242216783665 0.06940961161561848 0.06994747551448012 0.06611498240024795 0.14373097906887752 0.06882361474764154 0.10540241227160592
0.08483505999200666 0.07796317313637773 0.12853401763167024 0.13226462819181276 0.10380122432729075 0.08973082014382651 0.09952960697796166 0.07137936922860454 0.10380758524444827 0.10815451512600084
0.06811843868294387 0.06717913005707238 0.09675973680248295 0.11330499203276939 0.13601234418257926 0.06888673778368701 0.08678122009578151 0.12490410123437735 0.14920669540373296 0.0888466037245733
0.10552473313551824 0.10621310871212686 0.07713258751429103 0.09094406249317345 0.09021911336203169 0.08349849271400188 0.14101207831714038 0.14963058319323955 0.07498728466074504 0.0808379558977319
0.06481376235646628 0.10602813814584552 0.09084379622622708 0.123692610467758 0.10258730155465105 0.06700905494511478 0.13071817359084906 0.0673660633590167 0.11115484183194398 0.13578625752212756
0.10863921483893413 0.08383259357162873 0.12174798645408658 0.09441918529577081 0.06720896246778892 0.11385151735173875 0.06454413926223211 0.08001341430320548 0.12594453167502942 0.13979845477958508
0.12125808875496787 0.07998592147416514 0.07056954324404664 0.08071190570430505 0.08363929947123305 0.08205578245838549 0.1276687275183099 0.09512812261723991 0.15631680008010695 0.10266580867723993
0.13525800252684966 0.10787085260364078 0.06960784212055623 0.10743760382874722 0.12049546890241221 0.08417018253923549 0.08415704324271578 0.0631962565785344 0.1056910991235535 0.12211564853375469
0.09170128041035765 0.08926005274944708 0.08825474965563945 0.1422549922352957 0.06383055736087952 0.10707879837899291 0.06822097581061332 0.13402048367460376 0.10034883611451995 0.11502927360965057
0.05962557428371592 0.07651514859559101 0.1443683022913801 0.07847152061024003 0.060917744458794616 0.10432000487331533 0.08523870416171186 0.13885255386422662 0.1585846016660808 0.09310584519494382
0.09758345858383705 0.1299246862398458 0.08784468550863316 0.06338031747589072 0.09889130159931078 0.13758683439433453 0.06350675432805135 0.08500747450920196 0.09810427838880788 0.13817020897208687
0.08872500560579877 0.1249372375956964 0.08723926777880173 0.1279023771705671 0.09129726062136849 0.10466020357491579 0.10237736062343182 0.0691514006138847 0.0951699244839966 0.10853996193153859
0.08572635268042328 0.09522643936292151 0.07355886800670088 0.13835651271161975 0.0677128867257458 0.10434877198077157 0.059637123267458916 0.1440464673290404 0.07625494360563642 0.15513163432968155
0.06375882971176554 0.13394006929201152 0.07574644995842157 0.06447077986200472 0.07665588539932063 0.12367693242837123 0.12444430360243557 0.09727772075013119 0.12954231779241485 0.11048671120312324
0.095469117418255 0.127982420372325 0.08770002199659446 0.15834643928747813 0.11141960126902666 0.06446939252155522 0.07933728734255197 0.09128473599271998 0.11889583700521301 0.06509514679428065
0.10050255276942134 0.06401345877983504 0.11655703456355233 0.10874243515839543 0.1393139554112881 0.07110308017562997 0.06444460356874407 0.10234999333722511 0.10743962457524893 0.12553326166065967
0.0965081255993294 0.09409701967750315 0.06672442266772524 0.10558136116459912 0.11091687444055176 0.09337108229719845 0.11253828105350454 0.11640688275477346 0.10526767221871185 0.09858827812610318
0.12084151196945833 0.09683725893724228 0.11732818558890976 0.06498735072198475 0.1436517149028224 0.14637028052189016 0.06626636046386997 0.08199508063161014 0.07714799664072323 0.08457425962148904
0.10901210888874513 0.06690925274170478 0.0943298074310379 0.08464713277162617 0.14209903017616676 0.11741855772766534 0.1420857034767194 0.0675067899023037 0.06784450841026185 0.10814710847376921
0.12613495905895297 0.0626229999670299 0.08388596540087793 0.06814448389243329 0.13163085461238053 0.07975233065977264 0.11617107061403889 0.1028381789349676 0.11383650028646897 0.11498265657307735
0.1179344781164347 0.07647507957232601 0.16059801766840454 0.10759002705934288 0.08251110859755148 0.13135761385057473 0.10119162579603956 0.09070837862946225 0.05955797016868468 0.0720757005411791
0.13718552074905216 0.10778362716042601 0.08595830508569718 0.08914866430847182 0.09954549379940775 0.08675770943087488 0.10065599852379585 0.09569498259774144 0.09016864526087036 0.10710105308366266
0.10400110839922766 0.07404225569341501 0.10014057900917679 0.10761849781004751 0.08518596410218937 0.06059527425361643 0.09026862034822355 0.14627430361467164 0.14876842540587668 0.08310497136355538
0.07596614569186615 0.0633937930678497 0.15575052757937843 0.0645948979405157 0.08084259237180914 0.08337375904980589 0.14285201626765984 0.11476951811328771 0.11350932767974596 0.10494742223808129
0.11918979849338378 0.06791158370887522 0.05562155680225636 0.12492757094985846 0.12983849747583745 0.07826980431822136 0.08667435524084759 0.1413164678202186 0.06108723978725957 0.13516312540324152
0.1279672704928152 0.10150751174912018 0.0696573843649213 0.10357225299544082 0.08396212126568649 0.08360665720845677 0.1435431082151667 0.10362250316707991 0.10429880395970995 0.0782623865816026
0.1023400847869971 0.06226893425146894 0.07130310896689938 0.10978234470658328 0.15419361143239563 0.14564894763551356 0.10910280149341622 0.06354103659418694 0.08211143235949199 0.09970769777304689
0.14308821588493767 0.08275473166862385 0.09353275505824987 0.06417728294309245 0.07146705330024065 0.09030567916385814 0.12622664399078967 0.10978116156051375 0.1192444605745137 0.09942201585518018
0.06694821739043468 0.09268124783315132 0.09920518082526124 0.06234586047298637 0.13146424460466274 0.0802236859237216 0.14155196725372785 0.09912827219341537 0.07625810137217631 0.15019322213046257
0.07352371074190152 0.0823402702096479 0.14919885383302875 0.10064283954428029 0.11761120211116038 0.06727562336894694 0.06951061337281143 0.11022120517399558 0.10818331016660894 0.12149237147761827
0.14673698933685458 0.11557309222670346 0.10182571771146344 0.07698063545881884 0.09318721275698864 0.07539103445704408 0.07258722248615049 0.07555414481255873 0.09428687079417009 0.14787707995924776
0.06367257720428281 0.13102783883815797 0.1378819259151738 0.08164937204547287 0.1184189459184245 0.08275184131482304 0.10483418264574221 0.12457416953799011 0.07316079247565795 0.08202835410427481
0.057520846747698244 0.12918554766128215 0.08817672771972293 0.0506683934257131 0.10208588262837312 0.12066892645817766 0.11075131083201009 0.08519994976809576 0.1314631449021367 0.12427926985679023
0.08327319230337586 0.07847838525737469 0.11544160409050722 0.09962075838944821 0.08258797560436863 0.10945811349763505 0.11789686610854927 0.11592498801617707 0.10529428529229924 0.09202383144026463
0.11727884839624406 0.10701421282836819 0.07926742644561266 0.11542725770918308 0.13842481832717826 0.06806900785288515 0.0852244229103062 0.06795258160654623 0.1333915728955188 0.08794985102815729
0.07442287851002673 0.06511726153532417 0.09844243700074404 0.1308089502707793 0.11544409138991082 0.08299647461733205 0.15148123707459313 0.08066355687616619 0.10389414724712306 0.09672896547800044
0.12203354860849393 0.061758813077132775 0.09695301334950572 0.12354273939793463 0.07133955124351349 0.07088642611103886 0.13766426568719353 0.0692920481679454 0.12742679202892768 0.119102802328314
0.09772387445889756 0.10930977714318453 0.09622826195642808 0.1277324538362222 0.05983201276300939 0.13528099974558955 0.12398542445022852 0.0816396843032447 0.05754120435165817 0.11072630699153735
0.0674625039063953 0.07403693553080071 0.11600528567481999 0.07430003244198864 0.12134380313280783 0.062044866965678465 0.12828099577946644 0.16129261330676553 0.09506535398535441 0.10016760927592286
0.09459136527629401 0.15098214533337156 0.07344378183292342 0.12962494428133114 0.09140575682606389 0.0799257965405275 0.05888056135502669 0.10778346830290504 0.1284026250471438 0.08495955520441295
0.07082149051193341 0.1121903760600063 0.08670185791956037 0.09486549237039019 0.14504399358392692 0.0853450424130476 0.12843854597876542 0.11811662009722498 0.09607471217535343 0.06240186888979132
0.14794536701436398 0.09754692697496896 0.09827937560567034 0.07226736920294213 0.08005436238737115 0.15006829588480963 0.057614815775230845 0.060831561506188445 0.10618166843832544 0.1292102572101291
0.15413627157076207 0.0869070001492584 0.05779423801311952 0.15302467889044433 0.07053561591390793 0.10277773252589528 0.14649529508096676 0.06340293954931038 0.08936862738339124 0.07555760092294396
0.13967334332599426 0.09323098344629438 0.060782121461895024 0.0858141389820657 0.08849385557899278 0.06121312280019779 0.07095214243655609 0.11324177190769105 0.16179437141460892 0.1248041486457041
0.07521559651800869 0.10172406899855407 0.1609335377711491 0.07343883285848256 0.07974002289440815 0.11198540155619854 0.09804311513398105 0.1501275612287717 0.07790465658982586 0.07088720645062041
0.1280647907359606 0.08450483077469458 0.1417659285939428 0.0965488510494546 0.08395464139925933 0.07841443662335369 0.06066135110576655 0.1404202310251477 0.08243622886446093 0.10322870982795934
0.12858380945724135 0.13921648514822035 0.06360087133975571 0.09742615621861705 0.10884802902694603 0.06604847887136762 0.08903931570974459 0.06438795489108456 0.16887102756872738 0.07397787176829537
0.09771760670242238 0.11838993994188905 0.09181164580640375 0.07376801685576102 0.07757736759994346 0.12450514389173231 0.12860332735000127 0.08519205707638348 0.11970464137511731 0.082730253400346
0.10987291736326935 0.08273667914429866 0.1010498560051532 0.16244524080317935 0.10371286601492173 0.10788871571649221 0.09027920188878591 0.06479908077984779 0.08853110891199177 0.08868433337205997
0.09697716568479357 0.08727038137097264 0.12235251839686569 0.10400754057237285 0.12423702450916906 0.07449760102254074 0.10407135074791493 0.07718740647804972 0.1153421010660122 0.09405691015130853
=====
0.10617283855244086 0.11933196552465714 0.16221533542577526 0.06331160219493799 0.06990113459169937 0.06959332568851842 0.0735102982317339 0.07922154778195904 0.11100777732673699 0.1457341746815411
0.07460291747192002 0.15795979118961945 0.08187139464081275 0.06489472607417762 0.14058667705945527 0.07405757902186588 0.07032351353862204 0.11461017970677105 0.11281469160052342 0.10827852969623245
0.07282748254889396 0.13468232694766422 0.11568693556406866 0.08116255245216719 0.12125355357772295 0.08027418648471518 0.076925385152133 0.06282000783659555 0.142396456309263 0.11197111312677631
0.06866748933422442 0.11508317054278079 0.13900535596897495 0.05920579946432359 0.10868169326863646 0.14582525155816456 0.06758032204030974 0.08169447916584407 0.08394354147553919 0.13031289718120226
0.09640821613718106 0.09343355698900743 0.14199604049378753 0.10561592983454171 0.09955314731020312 0.1324004544964673 0.08017278403585268 0.08059780233590279 0.09571104778218065 0.07411102058487568
0.11503063659627741 0.0904861863092232 0.10893799045839801 0.10999644336338268 0.12774198709407916 0.06394715996425292 0.12457793154378083 0.06932346162823337 0.07981500183492611 0.11014320120744646
0.11664210506057235 0.12915704930651975 0.0905832741701599 0.10217076205697993 0.07581527833801038 0.10984803553306069 0.11194322583157215 0.08708262658418196 0.07481566689664672 0.10194197622229598
0.13888186213447107 0.07665193676893352 0.13199272590765884 0.07418071128807392 0.10846319377232502 0.06136966709512437 0.10890413743676783 0.08923508288066123 0.10477558151687505 0.10554510119910919
0.12054865081356983 0.08886347689286256 0.08698081508363624 0.08378296081452431 0.07158865326298942 0.08854064253320021 0.08494804786787527 0.14697876097236634 0.08027001471294555 0.14749797704603024
0.1191580169802762 0.12955457548599222 0.0793829777851421 0.08251254091827709 0.0836797610919906 0.10755759411091777 0.09679972610106358 0.09241049479238775 0.09132634958991481 0.11761796314403782
0.07249412542763908 0.1270013054023624 0.1395397469478808 0.07558651615684148 0.12752118140323446 0.13074677487860137 0.08409206703451524 0.05547386592847541 0.0911027964142596 0.09644162040619021
0.12729551828930136 0.07715354921887535 0.0692204005679298 0.17236137959763875 0.07480835350431708 0.13394968096762125 0.07432547427047032 0.07579058789397394 0.06683000425512103 0.12826505143475112
0.1086973199246719 0.07987661542661928 0.07278529931536393 0.15172127322522994 0.05935181729694179 0.14687787438862038 0.07883879846697393 0.09120625247229475 0.08433271720040679 0.12631203228287718
0.11252146277695042 0.1343870899418232 0.10108853043553818 0.11861453598840835 0.057287008852621724 0.07812688173365616 0.06620116158854021 0.07938094126530884 0.1440213616424013 0.1083710257747516
0.10318335823427052 0.12533579292619387 0.10578970748180867 0.07826453713549274 0.12822673809544813 0.10444006248976878 0.06501523647026806 0.0696863259832899 0.11436760790909714 0.10569063327436218
0.12734024194143945 0.09204683015931081 0.0691703787281297 0.1263455796245502 0.07253516631223324 0.06047303974026249 0.13864558021507126 0.13535044820362144 0.0593283951497072 0.11876433992567431
0.12941199154832425 0.08712257556064937 0.12869468123928343 0.12099678832458109 0.07725083529385536 0.10029281465685749 0.1003791032847514 0.08876395905127196 0.08518059616916097 0.08190665487126475
0.07139506254977106 0.15420627602745893 0.11225527919157151 0.1063140993510076 0.07286418292867151 0.07231469366775564 0.09540511779852928 0.11758873145129746 0.09884169650516011 0.09881486052877676
0.1015512292217377 0.09858772752068243 0.11190249162464705 0.10818703353583307 0.09583093365747104 0.096338882991891 0.09084441028328091 0.1043200468117105 0.06740801269103859 0.1250292316617077
0.08483781252842316 0.06859478277051954 0.11099334658338314 0.09064506658294783 0.09155140891718659 0.09104903707604595 0.10635301121921127 0.11966333137471509 0.117631146224748 0.1186810567228194
0.0630270594891301 0.07234132837043633 0.11927720100894142 0.08779601317145361 0.06704531306485358 0.07925199585774141 0.11190195010877221 0.13277633009711562 0.11224352013846231 0.15433928869309355
0.09280957331976723 0.12789083049110106 0.08466343399137292 0.13676768701187692 0.07156259631236804 0.11056694367755691 0.08315073478741879 0.09763739695289962 0.13155118765959614 0.06339961579604239
0.10793145099129466 0.11492656521874971 0.0717120212226764 0.13441399051229982 0.06718300959955818 0.08197600976312171 0.06867379250852443 0.14679195706175585 0.13674506488466595 0.06964613823735336
0.11849557139514037 0.10987624484951095 0.13122265055966834 0.10111953895749003 0.07256230901600405 0.08184277157160058 0.12097636905860698 0.07569975295504354 0.07632453191724675 0.1118802597196884
0.09195119988548474 0.06662607072233771 0.14488181711121448 0.08675832019988707 0.11328993036548611 0.06505498674994636 0.08911435940739143 0.15344908330242032 0.10095845276992554 0.08791577948590622
0.07656434339704064 0.09968928831988591 0.06714836073070915 0.07751488752238256 0.10329262958665902 0.1344247283298432 0.0810413723697341 0.08836491698710697 0.14505750502065795 0.1269019677359805
0.0766507013134415 0.10615333991164036 0.06295765325587747 0.06661778528107708 0.149827813126051 0.09806320183624428 0.14919349571138835 0.060183681967036794 0.09678223148793091 0.13357009610931245
0.09600880269512137 0.07009838837753175 0.09941991109461852 0.0829207178535415 0.1156758008223318 0.10354996839059846 0.1381071124047663 0.0974572419508267 0.059505266791953795 0.1372567896187099
0.08755525754724931 0.1301455110079467 0.06940171935669566 0.10901438168971962 0.11309343090298185 0.08861734961518108 0.1251589297816484 0.107352531266836 0.07147612929746064 0.0981847595342808
0.1253378219969704 0.07821355693404856 0.12252923261697014 0.15389220063522283 0.06892544516995078 0.12976546800679464 0.06856611877091719 0.08232624278607083 0.0727006950905962 0.09774321799245848
0.11169502818167967 0.11825098872837994 0.0771518717478975 0.0925260343595107 0.10544145019507144 0.10041853827493179 0.06339474825781281 0.105380794480845 0.10167173450767406 0.12406881126619715
0.12394296399431898 0.08910639274120015 0.07589170569242473 0.0664054417012745 0.1045122146361505 0.094251514957625 0.1293188539588948 0.08135637403146177 0.09090358788994228 0.14431095039670727
0.07464867741997047 0.07870799379465805 0.08045067049650172 0.07615611041088786 0.07655326805941526 0.08664998444221154 0.09310146675032888 0.10454783441833089 0.17825687927607528 0.15092711493162
0.13942391056018413 0.09898781174517166 0.11658694738634146 0.12217305464435443 0.08167467616309519 0.10554849034315766 0.14133645970827838 0.062245384796157995 0.0576580144285825 0.07436525022467652
0.07039329517323563 0.1510388657175265 0.06916637015386665 0.07673018592241401 0.11256460510238453 0.09083263333114178 0.07801344693548676 0.1332149888957794 0.10098510582461637 0.11706050294354842
0.0720254111154659 0.14302825545026662 0.11031735960954293 0.06813299892709458 0.05531989632672055 0.0561831957581311 0.14129217773022362 0.12084242068882395 0.09848164939260848 0.1343766350011223
0.06883835325219234 0.09293070086938808 0.14732165866090471 0.155932449316773 0.06569199726821418 0.10966845814790961 0.07992375242877565 0.1393486186527499 0.07219749950515755 0.06814651189793508
0.12842563122351353 0.10512191432378733 0.10405002047291408 0.1275234336472023 0.08128092524027503 0.08492912331111403 0.054673370451368546 0.08442666041515567 0.13603757955889606 0.0935313413557734
0.08731605865048758 0.10692361076847534 0.08565989772926819 0.06666682934306672 0.08583046296098167 0.09929402691539908 0.06648604379939616 0.1432348062700656 0.12589974696868528 0.13268851659417435
0.08854026866314381 0.06537472310258029 0.13144548023287747 0.06949956235498264 0.150751927709585 0.08138817012430097 0.06854272005207733 0.06829575719591889 0.16276104498502114 0.11340034557951255
0.06251173407966887 0.09129539768914254 0.15148924520681006 0.12164563805982263 0.10279274706590519 0.07389233629840047 0.1664417462302452 0.06854932604602654 0.06818528047366051 0.09319654885031808
0.13143454094723964 0.09183064827792407 0.0881783198367638 0.14067947596051242 0.0954821095210598 0.10423243741930464 0.07592357289779775 0.07466806923995914 0.08688633197634292 0.1106844939230958
0.08927855639083826 0.08380007481370766 0.08337034404309916 0.14145253295171997 0.07870246559475678 0.08987714008126381 0.09171459032110416 0.15505530637294473 0.11578208307283593 0.07096690635772948
0.13440897698467996 0.09468069918264743 0.06606842284549967 0.0920892685511328 0.13822526945085284 0.11286465198437219 0.08059637478120471 0.06585175972378506 0.10806486764754736 0.10714970884827804
0.11580441942525221 0.06567410718097577 0.0733152727185648 0.1164973541508455 0.06501378057366343 0.12451266297422708 0.09679911202300422 0.1382815551049835 0.061884940455240574 0.14221679539324283
0.08156785152949621 0.12590612512524477 0.11153414972483 0.06864015879201996 0.05924924055515449 0.10841558003811583 0.11371904359867017 0.12177360749288338 0.12397854746207133 0.08521569568151403
0.12449557840842096 0.13925246779395617 0.10396848470169792 0.13151914167964066 0.07914427888622767 0.08781093373847612 0.08499570098678091 0.06735437532329736 0.05705244595762228 0.12440659252387987
0.07771314164611101 0.10470845442894071 0.13453397098245196 0.10935447820036619 0.07024377647356449 0.07318206500050632 0.11106015785142047 0.110709614127917 0.06025477272713334 0.14823956856158857
0.08770319884291275 0.12721016863194928 0.07338511153503187 0.11569340116142002 0.05824386238936784 0.10320344938018894 0.07769745141530465 0.12570458570869555 0.13969796196919343 0.09146080896593564
0.10277016258738415 0.16290082186824634 0.06755692344618253 0.06650719609832832 0.08290533256612333 0.09690710142632902 0.08552222222573168 0.15051647335489152 0.11259256030833775 0.07182120611844531
=====
0.09803958793361811 0.11571418822996565 0.11143826097867336 0.07954767152974357 0.09103031915092456 0.09400510238860832 0.07520799425478975 0.137222763064806 0.07251873706516974 0.12527537540370084
0.11728687565467508 0.10567414882050297 0.05368044799114802 0.12340390226167124 0.12280163930711083 0.11642874933773689 0.060137592151920556 0.05981286444275124 0.12335978293351181 0.1174139970989715
0.09111795446678836 0.0879178389501566 0.07884760599053478 0.06633830437662314 0.07528280767550433 0.11466469236035383 0.11094433274152099 0.1286890234068162 0.11240392367458564 0.13379351635711614
0.10156665620960144 0.11187778050747806 0.13079648793418447 0.08554853622217545 0.0770764600653921 0.09516158628468163 0.09840231389049599 0.058473712839527535 0.11856911433360164 0.12252735171286157
0.07450653472572603 0.08165234978823767 0.10083139193476293 0.1364527812111391 0.12227351359439577 0.08649250163172464 0.11287164628084266 0.0790107901008841 0.08631598140744988 0.11959250932483713
0.059207231826245224 0.11692297146941313 0.11856152120127927 0.09375190505603306 0.1477423025486978 0.11822303723023438 0.07194269186737291 0.09467884472427211 0.06902838696177796 0.10994110711467406
0.16400285396085001 0.06257897424930636 0.07817568730725667 0.1425482114562487 0.06496327995958158 0.07236655789324674 0.1589814860377612 0.0966881990816985 0.09737721473180726 0.062317535322242976
0.0630643251894925 0.09319616140647773 0.07594400972719947 0.12162560543912607 0.06077177378219194 0.11267433190750836 0.14082717814209167 0.08978883849544222 0.1367715051197374 0.10533627079073275
0.10253323567910803 0.0682877326136191 0.09257690892012646 0.10227488708929007 0.08193389849452662 0.07646727940360847 0.13856874511581255 0.07659825099791182 0.1387373942860414 0.12202166739995557
0.0764761549384218 0.09755539767897871 0.07087087264222221 0.11980808656330251 0.09789014957481335 0.1540716086898349 0.09458022523758215 0.09571652268120376 0.10469433915619517 0.08833664283744536
0.07986887890456186 0.12315611727994083 0.11542598481098072 0.12528378631050063 0.11089920252334155 0.12555340104567972 0.12011711769886745 0.061840972265778754 0.06789225301426602 0.06996228614608233
0.09985441874026597 0.07798031587279193 0.13837037016010637 0.09103935555233442 0.13637087012491822 0.11159242264425355 0.08321596598970304 0.06986049648725087 0.10463895396965742 0.08707683045871817
0.06282707036336033 0.10534853212508986 0.1423612073355159 0.07002474823949309 0.14588750582528773 0.14541891452126815 0.07387054011239305 0.07484409876232903 0.11922961426710545 0.060187768448157354
0.05663967958658593 0.12107598658822281 0.08658901721337048 0.14415924615915662 0.1106378785005023 0.10659756761910091 0.08701069687007308 0.0629985373680887 0.12436311054819281 0.0999282795467065
0.06767401713094547 0.10851208272953872 0.07922727142722402 0.10593484530974698 0.13462341811341413 0.13992799835643646 0.14163439383197882 0.06606610045690296 0.08940663885177032 0.0669932337920421
0.077150915149641 0.08777718433750939 0.07662191078241912 0.11601115935421903 0.09232818517921479 0.15412115756878103 0.08788982071233177 0.15475666816487474 0.066088466297013 0.08725453245399618
0.13944007736194086 0.07832090601408778 0.1473127001498876 0.09349418736935633 0.09835597916031479 0.112657764248695 0.0764289531647695 0.07674468059822587 0.10617182359661215 0.07107292833611008
0.07601449324092723 0.11086852232693822 0.07039896321675199 0.13118284772734706 0.13161484350069422 0.07569505626453427 0.1294405924498337 0.0889960335847067 0.11615014014292405 0.0696385075453424
0.11390461116005114 0.13029479440825756 0.06998041177663283 0.15120142597133773 0.11164337550818038 0.09454943103855332 0.10689764428540481 0.06629078102789913 0.08432542196627582 0.07091210285740718
0.09921205561791738 0.1314426826523908 0.08003546573703639 0.07598672202891382 0.061180334287966175 0.06810494504530563 0.14032074516034704 0.10352966193750616 0.12082430605888583 0.11936308147373068
0.12797835835437046 0.09921837306719496 0.10278891053328895 0.07519915814202346 0.12469334934401018 0.07458383157189295 0.11718171212614117 0.14367506882697792 0.06401846686574979 0.07066277116835021
0.11927343120434886 0.14266739190255923 0.09105112180944365 0.12069673238587708 0.07070467807941605 0.11860572001760662 0.06904358925440764 0.08678838147041221 0.08294412013906576 0.09822483373686286
0.11641376723494014 0.09189194337118321 0.06982798017248981 0.09351305626747829 0.09023948270051144 0.1500761430040624 0.14478112174931124 0.07150478557784798 0.0797076873414213 0.09204403258075408
0.07285570231964401 0.11217471613041542 0.12340161083354229 0.09721536846183756 0.10209992611802735 0.05762462529369692 0.0762246309137157 0.10416700083365962 0.12797064905062136 0.12626577004483971
0.06345219842850018 0.09570677550403575 0.1381915010110389 0.09455881979557876 0.14022059907725962 0.058760297763454594 0.11814993195163809 0.07139500163884137 0.08465422939969179 0.1349106454299609
0.12788266572511436 0.07528666156294077 0.10356699687685011 0.12941050675092533 0.08896911844467334 0.0640507547186525 0.11593332728653874 0.10266561602703549 0.10627114364030615 0.08596320896696338
0.1576736784412709 0.11153627153942237 0.08748395298661361 0.08757209730121428 0.09768141214564402 0.07098302432893315 0.10293812041333046 0.07856856351520536 0.11831158101597736 0.08725129831238848
0.06891624320626653 0.11048541848729361 0.11189829717164848 0.1559956490414842 0.06116740755179055 0.13078363872017323 0.07208280520558649 0.06479432552563208 0.07193529446949426 0.15194092062063055
0.08485175011148682 0.12044125606137862 0.10565098482630832 0.06641124100303628 0.1034156768171869 0.13277178409695567 0.09329938782488933 0.11360127088381149 0.08878307080942834 0.09077357756551817
0.09877500507550761 0.07892754154710029 0.07353331001954302 0.07807950328306831 0.09361932270652214 0.09535005210793282 0.09291373869729612 0.16825424495102478 0.15300314117478925 0.06754414043721571
0.06949934498478362 0.07753623250284865 0.13241690436091835 0.0796816366470475 0.07315088977490469 0.12643430957819551 0.14179364307322176 0.059695158347368486 0.15971209514219112 0.08007978558852033
0.11105886497296243 0.13291767290779868 0.11726991404700304 0.07867425650951261 0.05530691149946204 0.08259049034057997 0.06563819167454032 0.10562800865461243 0.11905259890051355 0.13186309049301484
0.12281657456317915 0.07414598767905826 0.13817076243552354 0.0847142413484278 0.10112558520809417 0.1268013045960113 0.06693378946100444 0.11729507983540036 0.09734784941359712 0.07064882545970386
0.12425953924852341 0.15355187068293005 0.061148537789665676 0.1256995840775332 0.0840196274043591 0.07138499270812788 0.08491673132753984 0.07585246830953811 0.06440651286310373 0.1547601355886791
0.09449453813210061 0.08086722559054137 0.07489445673538417 0.08802477868455096 0.12486695925834822 0.0661210860674759 0.14941532093186916 0.13883060956353924 0.06598212667388197 0.11650289836230833
0.1304666449769868 0.0760853161311343 0.10882893416653028 0.08848827378934926 0.12193638099765627 0.13052659248221485 0.12863662285324864 0.07190950513176028 0.0779983750918401 0.06512335437927916
0.14509830941374618 0.07833287932020075 0.06899662103501228 0.07773920335583163 0.13430017094800145 0.08623422632184408 0.12611378633566958 0.11500957795657887 0.08341996116017213 0.08475526415294303
0.08195697426318355 0.07717873946729789 0.08245242615476349 0.09651624732976474 0.12669038026186769 0.10285220719210324 0.08616011121393205 0.10725180326399779 0.07720035999098018 0.16174075086210937
0.08632627877645203 0.1462188823294036 0.1168156202697364 0.08352145395843011 0.10673527686838823 0.08965600285260102 0.0787058507818057 0.06322264135588126 0.0883228179825439 0.14047517482475763
0.108799987806699 0.14457930128381133 0.07636401960658686 0.15730993950946412 0.0989261981126552 0.09591648367370478 0.0886750620290621 0.0707013302761982 0.08572216234978788 0.0730055153520304
0.06523546807632839 0.08616966458989117 0.16965609998986422 0.06622486780352412 0.07624489946185493 0.11700068115672421 0.08137918711498958 0.1032633515912854 0.1710801203598519 0.06374565985568612
0.11675642272270595 0.11682590420501697 0.08044681996440996 0.10147586314027005 0.06458399508035431 0.1169324925777324 0.11745641340678396 0.10559115232672735 0.12713104198500283 0.052799894590996245
0.1428454102007787 0.11467777681987042 0.099464657241667 0.14279093747687194 0.1106767694038052 0.05632381554215735 0.05964471444495977 0.08828237838518876 0.08735904947191755 0.09793449101278316
0.11693175503354458 0.11239187745017716 0.11223433102982948 0.0779365448095798 0.11586223766857037 0.081213746013685 0.11686299412312243 0.10506114972928164 0.06535761809037507 0.0961477460518345
0.0859093546175099 0.06462526408936446 0.0693654688041795 0.07496770669263775 0.11281312894845084 0.08291479505187842 0.15955572336499046 0.13289434792469193 0.07940223221351192 0.1375519782927848
0.06005531440102392 0.10156572665911959 0.06723966741877226 0.10361248032321976 0.131077110343752 0.13546344347519262 0.14354649901302144 0.05892970381340417 0.11109378410524286 0.0874162704472514
0.06815672421362544 0.1294516759681337 0.0860235768097254 0.08688939045721772 0.06285056379756074 0.11446990511062466 0.11992308246847379 0.09276845626334614 0.1056007075762182 0.1338659173350742
0.06826745148825004 0.06973528342238515 0.12532124123886249 0.16880892842162057 0.06345509183260659 0.06371352636634389 0.15732820923835358 0.126090928748648 0.07612205288447674 0.08115728635845286
0.10211495980701785 0.13325499293608634 0.12934699469837518 0.08242917951976343 0.12281179280398352 0.06676473372190773 0.058098265836392875 0.12177971334478091 0.1216318821908009 0.06176748514089124
0.09946171577347886 0.12590608822746593 0.09482344729134565 0.08190598778887931 0.1396587804303514 0.13263409512981494 0.06370849158508422 0.05658064578564246 0.11958965430297783 0.08573109368495951
=====
0.08138319002984205 0.06476284818984117 0.09374956224063159 0.0810911185394239 0.1335835613461566 0.14669669165436386 0.06267633581778727 0.1069366726181175 0.09035625389959295 0.13876376566424314
0.07477589489053743 0.09087992692026364 0.07988817203802105 0.16621329656755854 0.1630473616981607 0.09746171864475921 0.1083534685772333 0.07361607852193085 0.06533947946486499 0.08042460267667025
0.1348065110456851 0.05869710915907667 0.08854320479250505 0.08858325059361098 0.11411397873507752 0.13787107272450816 0.13439666115954865 0.06126826446561227 0.07088424603803739 0.1108357012863382
0.06908701718327205 0.09699813841449952 0.08198255369499655 0.0836531476460616 0.12385100839746092 0.12058430399532005 0.08288075558887822 0.11193661165242295 0.11192457855578378 0.11710188487130442
0.14256735080982608 0.0734129386348821 0.06950252160364884 0.10705530914360768 0.07964282466062148 0.08771535234796403 0.12230248718381191 0.11555001076629993 0.07300831050442226 0.12924289434491573
0.07213742924989873 0.09520066386481905 0.13409425995788796 0.06316606818773982 0.06134869151628231 0.11574556713657036 0.08913369061845901 0.14456854972290015 0.07910832027149542 0.14549675947394708
0.0735995945016767 0.08558760864633161 0.06582661710413565 0.1338504469066822 0.09398185951727767 0.12894628091210555 0.11723245728339714 0.06896162227176747 0.1298007100566982 0.10221280279992788
0.11931633888396172 0.050981232878719036 0.09782194602576423 0.08929129320352831 0.09185310469273279 0.12463958972395606 0.11828941267938024 0.08925190162860848 0.11534670694760603 0.10320847333574308
0.09045756216609926 0.0910428847051641 0.1008880177174052 0.10191898865913332 0.09063107347566052 0.10012337463694443 0.09192641133930121 0.09584952251966146 0.14548172332743634 0.09168044145319415
0.07029024418160988 0.14846016937602807 0.10463814052261684 0.05905734202497204 0.08963469090728006 0.1323939498578221 0.11114412583638841 0.14688517957547845 0.07332258264500631 0.06417357507279786
0.16381687141560597 0.10023968710536628 0.07732947086973294 0.06940951618782998 0.11352016396558567 0.15813752733844777 0.07025150196045335 0.0912944016920489 0.08075235314171055 0.07524850632321863
0.14078435109500262 0.08911524521692941 0.085945770654169 0.07422368354833084 0.07614622094692945 0.09175144194273734 0.08397655045498402 0.1738331749167169 0.10580760499302241 0.07841595623117795
0.06609069775487009 0.059065715571591605 0.13270727533705026 0.06968286808892547 0.14909037284487492 0.10283565640271553 0.12778320308545532 0.0581946076255029 0.1541056810068415 0.0804439222821724
0.09748488448531434 0.08512130380044022 0.0751469479247385 0.09099331040769053 0.08293201412185128 0.07554349408031849 0.08660800355270631 0.1535040800235089 0.13018808515305133 0.12247787645038014
0.09302118673092848 0.12335284389634117 0.08157390462982476 0.07379201383095135 0.11736228153522277 0.10824454949282021 0.09861441699273665 0.07517500661317243 0.15283585134023114 0.07602794493777115
0.0920749151149994 0.12137057824019742 0.0800876658637662 0.0726314846032387 0.12700275155277213 0.10710732169318704 0.12898066224795088 0.06716769338660777 0.14275219587737292 0.06082473141990741
0.09215311752287934 0.09953446330696201 0.10749429017656366 0.12382892122437061 0.07381428402142717 0.14938493100553782 0.11694826401083086 0.07570450470130669 0.07384045112887679 0.08729677290124506
0.143143665758704 0.0872957096030244 0.0700835279863678 0.0926975177536124 0.07497472567249788 0.10572036658387211 0.09559786919978383 0.11104736126745063 0.07088743797406638 0.1485518182006206
0.1052721164237604 0.08313540369590869 0.14215261154312533 0.07372416413808255 0.0745005319951182 0.17793614190806245 0.10815015040192512 0.08328381414485628 0.08365710852858924 0.06818795722057175
0.07608177894362916 0.1112716625887974 0.07498177968187311 0.0784251648575624 0.10180482828102493 0.07136616505187178 0.10004749295535968 0.14168497681317896 0.13019366939466548 0.11414248143203695
0.08987984049234997 0.06537111502093536 0.09534681136945075 0.08659654726226078 0.1228352875863215 0.1036560687055105 0.08549597299477697 0.1342280045753571 0.10089229248566545 0.11569805950737157
0.06919989200746267 0.10983094786003854 0.07106653582676975 0.13177320275134308 0.14460130070101704 0.1031094932282781 0.09396404300088419 0.07193393214873307 0.057113791863900754 0.14740686061157274
0.1228230615000325 0.07050800955497342 0.07962066081876205 0.07151483658005861 0.11568046581375784 0.14003796460284446 0.0657491883131713 0.07297558191037874 0.15358315981190787 0.10750707109411314
0.1399969359778288 0.07523652330411389 0.10997301788980927 0.05382148694442782 0.13969605459886728 0.10499565614433333 0.0944999907740524 0.10703492083230769 0.05507309096362877 0.11967232257063079
0.09577119492448374 0.06820320765059971 0.1529252086006368 0.1345118227038159 0.08379515059858268 0.07493287248337786 0.13458271127877536 0.08010598637189949 0.0863527668142806 0.08881907857354772
0.09196179017945008 0.15173968100686216 0.10727179357227286 0.08799604681862483 0.07194315626226541 0.0991821434047128 0.06233980697824743 0.10464899945905595 0.11089047811681921 0.1120261042016893
0.10291245329404942 0.15758234594385764 0.1494611451139413 0.08416383889582596 0.06593639875749678 0.08080567385771656 0.09050693357114153 0.07890525816232953 0.08024805343751128 0.10947789896612999
0.07595134462700663 0.12426078152274758 0.08437362033986469 0.06505535103056427 0.10396277238715909 0.12031984731600101 0.07864622141836697 0.10587640856767558 0.09484689955318511 0.1467067532374289
0.11748957398838016 0.11219685431005674 0.08360887469536117 0.0611048476550128 0.108264558335381 0.06539854693147139 0.061528560369243666 0.1530200692440915 0.09760765536232975 0.13978045910867185
0.07692571440804472 0.11294080408718174 0.08925137090537492 0.06342812064030111 0.07753520682329769 0.14601790243126414 0.10398129717156168 0.12242969368356858 0.1480482367293291 0.059441653120076376
0.07813658231380313 0.1336976524725437 0.0661536464796234 0.10603409550250655 0.10589985341094137 0.0962640416583973 0.14736294543475004 0.07365403741722827 0.1227849270417052 0.0700122182685011
0.07208659687253482 0.06974971628721742 0.09758394681764684 0.082503017324395 0.09342297050774086 0.0861137845444902 0.1262715361925678 0.15679526789717618 0.10381391839307726 0.11165924516315352
0.09655507480214989 0.13102616466846206 0.14057141333707002 0.13049715784722446 0.07772840971269665 0.11191005982726074 0.06679795697381909 0.06887721286554627 0.1084939881960092 0.06754256176976166
0.12794224829306247 0.06897434297349792 0.0988311148477618 0.06983737884550928 0.09397012297581155 0.07153834047441456 0.1443299779466016 0.1291720194236578 0.08387845140897239 0.1115260028107105
0.05561495221862986 0.09027298376998463 0.11208856072506658 0.08028635547684328 0.10930698894066367 0.11938807815733658 0.08012657564309036 0.13633628986091767 0.08319704855960693 0.1333821666478606
0.13075218787591467 0.10995940241556477 0.13337028735385953 0.07319819838559814 0.09116155732724994 0.10124955572082336 0.10965649325274338 0.06833182030949683 0.056790915256930724 0.12552958210181858
0.11318147688972054 0.08098974534283357 0.15022883421186234 0.1036301111921338 0.07637381835017806 0.09502235582770141 0.0644904756819491 0.14796919475430642 0.05631556633943721 0.1117984214098775
0.13819901763920914 0.12979074945408203 0.07633662723408417 0.06319920323632244 0.07076894977636886 0.06887347565293064 0.14008208191030572 0.09327959548468341 0.13253351207598468 0.08693678753602899
0.0939321576319225 0.12051616201110017 0.09934552336921446 0.07450229709462547 0.09247790166996761 0.09688922028656788 0.06831328862943295 0.12066896970594625 0.13325050901007188 0.1001039705911509
0.09967496441536747 0.14056984394259917 0.10196138451970368 0.11369037842082405 0.07100341371445086 0.13762578281667717 0.08403989233422877 0.10102127835236285 0.09109182765807847 0.05932123382570755
0.11168888677165192 0.1165948646947685 0.13283552119358324 0.07711293572789536 0.08461961594693233 0.08878513920834484 0.07639167888693787 0.10043972299890971 0.09146810635710904 0.12006352821386732
0.10893888793426897 0.09995506310011601 0.07275663106013265 0.06597470786655754 0.07033201695603565 0.08704489865793316 0.11428686540278274 0.1255580430138162 0.14290811295019146 0.1122447730581658
0.06499542088590247 0.08802164036806404 0.06313477006321619 0.14637868388053152 0.13663893618676226 0.07807613676603632 0.11170289892156432 0.12978831950235978 0.10310615720837547 0.07815703621718757
0.060022476566732375 0.1118474211057571 0.07144022093416455 0.15464646216779598 0.09723818697720125 0.09361649230327669 0.09064785555851052 0.1124391303250667 0.06786340514849895 0.14023834891299589
0.11307228468490012 0.12987058012108044 0.12880059482068018 0.09684952639274307 0.0808346203184656 0.1271630744439111 0.11650636891617527 0.07341824443394633 0.06503165309348483 0.06845305277461307
0.11639444385037404 0.1136162826009975 0.0635055449283242 0.14939510070883558 0.06158010462218397 0.07089161279421742 0.08909510026873459 0.10288789588302018 0.14065477797936585 0.09197913636394672
0.11123253057934102 0.13194062221656652 0.0575297532404971 0.13780270466267652 0.06525684527011814 0.08417066914609958 0.09715694712311267 0.09101645801423879 0.08194231811282142 0.14195115163452832
0.09011800205572883 0.11160549771667233 0.054826122700291635 0.07909759951874232 0.13551358894004795 0.10953056950933567 0.1255452666200166 0.11848728759341087 0.1087500788114251 0.06652598653432858
0.08229905868775114 0.09636551791375948 0.09453884483870378 0.08340160259381049 0.1470230397216693 0.14979636540853145 0.07726181476999368 0.1037797479710602 0.10120998326326267 0.06432402483145785
0.0904177132577895 0.14116733418309818 0.055682562657518496 0.10004082810374107 0.06970339039584456 0.12754724757656768 0.10327842463700784 0.10014780410287016 0.13556090226121126 0.0764537928243512
=====
0.09806068530714537 0.12676076460209354 0.12038210124349571 0.049580217623991424 0.12443802860150113 0.07829693261328873 0.07671498396743787 0.12344121704753484 0.07377993584639056 0.12854513314712096
0.14529221785927687 0.11485564067074476 0.1258927361317317 0.06490592409843872 0.1221859265781753 0.11788105345667473 0.05953308521228198 0.08779638907363671 0.08582158079238413 0.07583544612665495
0.14573575138275616 0.06486138862111898 0.06780041567123822 0.08123926923208659 0.12047336840519104 0.0994179745898239 0.09776160246553339 0.09769422877180474 0.07695347363118035 0.14806252722926674
0.12471443854891416 0.07753612920766884 0.13636012648647866 0.1070436768358805 0.12804101465530668 0.09482635625623645 0.12859365071389559 0.05777845413661741 0.07239339828874675 0.072712754870255
0.09298875974889322 0.1212278772510298 0.09108638629701807 0.0973347280554993 0.09864253123811288 0.14495013100776596 0.09080100633732333 0.10293126332208052 0.08228468081136242 0.07775263593091455
0.13848721368967287 0.12188022693804187 0.07407738254230252 0.08789947561304363 0.07528750193600307 0.14147114810006528 0.05510526423094083 0.11965523330726295 0.0908075734467921 0.0953289801958748
0.07513018635433111 0.07914667088899276 0.08901013217721061 0.07921777630267185 0.11332211144264359 0.11569023694993902 0.14984054252235124 0.06747764670675543 0.10815716761545517 0.12300752903964926
0.08034003599318913 0.07877948568063702 0.09711383646519023 0.08964916991958066 0.14562282026020995 0.09474171745178463 0.12016376615565906 0.10035569765824333 0.09594673082128366 0.09728673959422239
0.09049128209862134 0.06548761365969993 0.09149919219039362 0.10266412867051995 0.07795888901672113 0.14099833644837076 0.11175038126650383 0.11313845523431469 0.12307932122102462 0.0829324001938301
0.11450099105744427 0.13935295084117125 0.06262672821852554 0.08159857535695428 0.08768565342361735 0.09175738122270115 0.12585419438301013 0.11069180266814478 0.05714132093176043 0.12879040189667076
0.07567889679155651 0.13910917814435322 0.07943973634349508 0.08905546407849844 0.12007441226056678 0.08956742691542313 0.11065077148141098 0.1355712287016512 0.07000617104991542 0.09084671423312915
0.07929070688943486 0.09167670412167746 0.06319829289832027 0.16176262342917733 0.06636461535886444 0.13046428607367402 0.07821649817426024 0.1647593259699271 0.0853054389106642 0.07896150817400005
0.06358762673375488 0.1364652668727406 0.08965455781362701 0.10587033797296289 0.11211919938186424 0.09830337474907258 0.09717105874712312 0.12491213730072358 0.10771114622552559 0.0642052942026056
0.09275018805723091 0.10822375630920936 0.08715880475370973 0.08202399518899121 0.10470799848259986 0.10926233808146474 0.15260127232298845 0.09273440688867933 0.07495303770772087 0.09558420220740559
0.07161744251890441 0.10656127170884204 0.14112118211148195 0.07014124470654853 0.14151847561752873 0.0816926614378085 0.061189046267444945 0.13911059764795425 0.06809929833020685 0.11894877965327973
0.08033349523782075 0.08922163978063172 0.09417515236785208 0.17424592499258018 0.0813092347732136 0.08669788079166571 0.08665463418668133 0.08733853017379842 0.10925306111737901 0.11077044657837717
0.11956767605600445 0.06697312618400336 0.06790522048225874 0.15652691153082268 0.12657899435403341 0.06168262164996505 0.06660383742310662 0.12116649224633626 0.1515184843314512 0.06147663574201815
0.10018895236457906 0.10057988559288154 0.11185275371856951 0.08894398569433729 0.10649295969468496 0.11429091004392428 0.10932273844294485 0.135909518028009 0.06405627056442345 0.06836202585564609
0.07765398354153832 0.09025548839359561 0.08488307061415334 0.15836342689967384 0.10132046984074976 0.06627494095557447 0.12412241403660661 0.1291876640882737 0.07117072737925693 0.09676781425057736
0.10635540191662424 0.08887663988088264 0.11031847400066631 0.1378307967162427 0.06700185414097792 0.0895249688833886 0.059045612937093976 0.079219388102385 0.1212126683352833 0.14061419508645534
0.16991524249093556 0.08031121068098768 0.0991151634482493 0.06868132927486574 0.09741458165917564 0.07390322694272757 0.1306055312019598 0.07916559783207544 0.13387250962600605 0.06701560684301726
0.1410746756988061 0.13406127154836353 0.0726841410145799 0.06426029006022405 0.057280938479162574 0.07655520226725765 0.14546723581135823 0.087427271608921 0.1370035098237611 0.08418546368756592
0.11470518155722755 0.09778801617197797 0.12926332853912423 0.08793560205324515 0.11999594271842456 0.10222509829888031 0.1166671575355497 0.07321618857428756 0.07897834353461364 0.07922514101666932
0.13013511192040733 0.0802236356171133 0.07269884733724813 0.0988321702368727 0.1241908422081674 0.08292340685270826 0.09561898813560114 0.09680909748184258 0.08417561412028475 0.1343922860897544
0.10547900909128606 0.11257511688045799 0.07892640441279447 0.12638224814312723 0.11587040421890252 0.08287583055554176 0.08267764724833332 0.0740170006092886 0.07898049830435985 0.1422158405359081
0.08889969569760532 0.13490303761501807 0.11376835744792799 0.10144377568461255 0.06972392165288231 0.11661153705063383 0.08516869472731182 0.10257061404271947 0.10253713867074085 0.08437322741054783
0.06768450819158534 0.08162346709718384 0.06293499912759236 0.12608494910346207 0.05719353210998657 0.13364771009828316 0.12588459361431914 0.12341564498125789 0.09059702930933189 0.13093356636699782
0.12896395173692285 0.09190695530213026 0.07145809417721598 0.05860880245872538 0.1064049221099418 0.11946921757705219 0.08177405782180637 0.12440971144859021 0.09922001347776375 0.11778427388985102
0.14174877670948902 0.12255997374779491 0.07026882760605323 0.0813260217429258 0.06119412620730316 0.06165802504107379 0.1390985439174054 0.11484097979306954 0.11896492459097555 0.08833980064390949
0.1255418465277556 0.13850205145336142 0.07971555923344573 0.09333467827671389 0.09441651329108777 0.07306025231519374 0.09715569460899884 0.08229162041099092 0.08939251412070129 0.1265892697617508
0.09220038312485421 0.06861105862750566 0.10014900807341962 0.1135722867213732 0.0653452015772813 0.10583910229062993 0.15268834355866243 0.06672580865495004 0.08308688147012049 0.151781925901203
0.0858746441701747 0.09866954985239229 0.11631196942357815 0.1156047761206122 0.10213957273699086 0.08384135663384254 0.12105859398106993 0.08447221603197291 0.07465360357531199 0.11737371747405448
0.14455329121527094 0.08012044806466219 0.07710138271014226 0.05826219563187785 0.11267577623200692 0.08024279747409403 0.12878326970443454 0.05668315315241069 0.13151285740489727 0.13006482841020317
0.09998664242393096 0.07677373614323373 0.12508224707207677 0.08052653342184235 0.16761583101007124 0.0656274976204797 0.13169100044104226 0.084427552547998 0.08277344540154771 0.08549551391777713
0.10293451033821491 0.07554017356812621 0.15017438137476227 0.06902254779148169 0.17178454076680852 0.1215681298408107 0.06537868411689952 0.0724640408458432 0.07017365732406017 0.10095933403299293
0.12305220099152665 0.11485027345896198 0.09646735340342993 0.11020702652886502 0.11280260872787978 0.12683190097727925 0.06569948275731652 0.09170388804125094 0.06241939324289049 0.09596587187059942
0.10210014008456827 0.07318074192181155 0.09249328342331989 0.13022042642603254 0.09171150157030898 0.11199897047389024 0.13878343993887082 0.09023967059899068 0.09616719170290113 0.0731046338593059
0.09802797861203887 0.053867635688583854 0.0870500508602694 0.07954130242764067 0.12140815261199756 0.12135164950175062 0.0722348218995883 0.13111849620807156 0.12891264173622968 0.1064872704538294
0.11695075758819931 0.10679619224007912 0.1162871110139676 0.09510913014281433 0.10309073990604466 0.08994570940572141 0.10879126435460816 0.07240027900694984 0.10096629800105733 0.08966251834055823
0.12464918070740238 0.08695382754375673 0.09612022191937818 0.09148136105691006 0.15061976002547742 0.09454626362362406 0.08556347841415844 0.06454842180866359 0.07053515642177441 0.13498232847885472
0.09049924679779288 0.13232590855216064 0.09168889490313853 0.05957381795274417 0.08286421067427446 0.09969505079059343 0.09158793466904565 0.10418148045611479 0.10296522195632767 0.14461823324780776
0.11450800659143476 0.09247932678468855 0.11050655780679404 0.06352285765960497 0.08758351136236044 0.13981576032039394 0.0669048571314546 0.07684706985385811 0.12107042150066674 0.12676163098874382
0.07692277997445282 0.06826406071874161 0.08857410875452923 0.07507771746820147 0.10944918152070862 0.11234102132047101 0.09036061052287161 0.14939054517776854 0.1579724300174055 0.0716475445248496
0.14300586260673276 0.13061711272356488 0.07053262234773951 0.09604335467859172 0.08591677859654845 0.068129445268214 0.07055871757368762 0.11248598003102125 0.13400529442226228 0.08870483175163746
0.12558020562339817 0.09824032733581022 0.14152234189066742 0.10954192125945822 0.05798607161703143 0.13105183341116497 0.09558890899843503 0.06137339713237299 0.0921288807349714 0.08698611199669018
0.11467544650558323 0.07236815976632843 0.08333614617928584 0.13780577678355665 0.09375974076699688 0.11622312299536545 0.09606182813930389 0.09706370774174934 0.0837992421556207 0.10490682896620951
0.08951838582338775 0.10092142040002353 0.074966516069818 0.15338227052588108 0.07839596419606443 0.08261740861573158 0.07008619890173211 0.07787955916943037 0.1399767104951778 0.13225556580275347
0.11688584535088067 0.07360802279783055 0.12444030469540485 0.121884463584398 0.13098299499130586 0.12499915738856192 0.0644676754719139 0.07182051130607554 0.08973193975256492 0.08117908466106358
0.10965836619147529 0.10257850482766802 0.13703452737950805 0.149858233805825 0.07097143929967567 0.09903489929176186 0.11158307200049469 0.06497415977854411 0.0812229477615885 0.07308384966345889
0.10762237653674854 0.1329313777061861 0.11835576001772015 0.08027901321331883 0.12280181852949118 0.06744926892626635 0.09570586568210057 0.13562516886523712 0.07002058838218636 0.06920876214074474
=====
0.06701105804924838 0.0642911562770535 0.15487047727370964 0.15030365806536577 0.11857791306336006 0.08118983234685116 0.13503267642075314 0.07494392630550162 0.09274787694401045 0.06103142525414624
0.08245884533985286 0.06392433277178022 0.089568924016167 0.12966113738163998 0.08025559086636341 0.10807948918554593 0.11121553625310528 0.14360583184291886 0.08602992455814307 0.10520038778448332
0.09178130089280839 0.14598437017696322 0.057576115230701774 0.09141970007815298 0.06296085801880169 0.11007705923291028 0.14739584523136776 0.10183958373371123 0.07631748088560233 0.11464768651898016
0.057091554285416145 0.07812971970790365 0.0693036410634437 0.14267973646636384 0.06922345300219378 0.14837406273367845 0.1405463006500256 0.11743084846126663 0.06644195927605497 0.1107787243536533
0.06764023996592815 0.12649570844669142 0.09818569971958627 0.0814090193883225 0.15533901907190797 0.10747241033568332 0.07700471580791338 0.07363588314974556 0.10021822607682643 0.112599078037395
0.13879836477646987 0.06433398657669404 0.1474780406531675 0.08659080042681923 0.07981734079241469 0.0648929933972443 0.0727446591540472 0.15161188551437957 0.06245170584631437 0.13128022286244923
0.1346737408442773 0.06542309944119426 0.06677651106290647 0.10978371490108521 0.10130545753037555 0.09850412829467778 0.08434690921017729 0.10935848086026292 0.07303733004787903 0.15679062780716427
0.09138367640942488 0.14414748989694895 0.1072559857291737 0.06552821414391893 0.10450096168977314 0.13089954620783825 0.11822443503120185 0.07941306546759183 0.0666523667294483 0.09199425869468014
0.09921459833048488 0.13492021829017814 0.05887530159650627 0.08308386665493375 0.13657940025607654 0.06095819983654613 0.15109207291577403 0.06780795048904742 0.1476069509875039 0.05986144064294885
0.1307744687526379 0.12074243082590211 0.07176888870542318 0.06077977765172321 0.05916853513472827 0.11354726307438075 0.14546418280003703 0.10078462478846247 0.05916409988050296 0.1378057283862023
0.0892294207893577 0.12986339087999765 0.10620274153415599 0.06392645987204439 0.12339446862229417 0.10980455002778013 0.09174291187085228 0.12639584083100647 0.08697699051767097 0.07246322505484028
0.13524595445867277 0.07311219675299584 0.08131545832310574 0.09574998437404893 0.07169896562451004 0.13769636802372995 0.1358253918967271 0.06153852753981421 0.11062756283882151 0.09718959016757386
0.0527217424538666 0.09555282371737864 0.11903150880187979 0.10379989435776397 0.06531582659935688 0.11562740360504531 0.0870676894170547 0.11366770578637089 0.12047721924077585 0.12673818602050735
0.117283616765473 0.09987970731395913 0.0782926188164144 0.12460610649870922 0.1367493012688572 0.08816554513235793 0.063054226928163 0.09156978494573009 0.10241044055581025 0.0979886517745259
0.13752909281532535 0.13467276983748125 0.05950250240032239 0.10492337370507665 0.061486304462869706 0.1301022446284201 0.12153461608199206 0.05499962673030601 0.09893826866380537 0.09631120067440099
0.13183544439592024 0.09795596172241249 0.12404464970217642 0.09689859322709413 0.11504847782562297 0.1071457135398569 0.0658633970861809 0.06912047922636055 0.05269140089766343 0.139395882376712
0.0542004001476274 0.13547967584346648 0.0970037702729169 0.05987576976783019 0.13236971375448803 0.12237253236116333 0.08711403161783893 0.11046046092509695 0.0655530840150137 0.13557056129455825
0.1303811903480446 0.14237845923108955 0.06210591889039022 0.0872845125558547 0.0783269955234823 0.12183267501128413 0.10017183410261776 0.14109576672364751 0.07150341402341691 0.06491923359017218
0.1394261730039526 0.1359492941274555 0.08864211731232008 0.06758728118839445 0.08032475480873481 0.07296809886810461 0.08646367959550896 0.128201635837598 0.08030056483751384 0.12013640042041718
0.07603714748713926 0.08787755573067364 0.12367274748999446 0.11466847594275932 0.07195691025628254 0.09340987427085273 0.10064395414565337 0.14570840582997385 0.11811203664581177 0.06791289220085903
0.1053569535864824 0.07329939266126798 0.0883060955595269 0.1473766693566518 0.060568145372146706 0.12289806842666398 0.08907540872006547 0.14844131394885024 0.062109913927252014 0.1025680384410924
0.0672416767434237 0.11301481458974759 0.09285767141287525 0.07394848689286271 0.1223253994793076 0.09102083377284788 0.11608462689725949 0.11032647781830211 0.12451367017642927 0.0886663422169444
0.13678893307771853 0.08421909737747668 0.12343509161146787 0.08182166330489422 0.09389983503862123 0.0708642285177181 0.12507346980443085 0.1017735740999111 0.10870472680028301 0.07341938036747846
0.121181683454467 0.13194889353267855 0.09043310227149476 0.08828592723428187 0.11223851665217598 0.12345274224368356 0.09080727082676146 0.09247065579175082 0.0666796192870636 0.08250158870564238
0.12136731320034029 0.08689758145140855 0.0804304613766026 0.1379442516874404 0.07003583210765006 0.08287348536464828 0.10644233163257434 0.11367870108582015 0.13037020101948038 0.069959841074035
0.09712204714078632 0.11115395293011908 0.08180550040041122 0.09744568015101386 0.07209410538124163 0.1606694521807399 0.09498922111079376 0.1032765723239639 0.07274438597024727 0.10869908241068296
0.09949673464487573 0.07902507733190199 0.06838700592207865 0.1471372797487941 0.12902043806965266 0.10436848246077426 0.08099009859439747 0.06912706320739269 0.14008025732078194 0.08236756269935055
0.16638141391767727 0.06778714828722363 0.11613387756383792 0.12209269920318362 0.08318345395074703 0.06412764448595132 0.08427457106864938 0.14011777111177573 0.07189078103050107 0.08401063938045306
0.06710343948812403 0.14846147905485318 0.08415529405358879 0.10209959650877166 0.11654164013309473 0.07292023909768112 0.11830965840135867 0.09579175207015367 0.06951563949103066 0.12510126170134347
0.059669221494749826 0.1344611850603424 0.12190440172263176 0.11953964354096538 0.1310277574953094 0.12523902859561917 0.07911500271102555 0.11452849507587823 0.05907575675470543 0.05543950754877281
0.09822748094876227 0.08638099256053357 0.12141895048689122 0.10376196582081279 0.12074138892609201 0.055382807131284684 0.1401805508840049 0.08545680639523259 0.12114969613338245 0.06729936071300352
0.09037243725490261 0.1356733495468403 0.11806996042443169 0.09588426557387394 0.07288458233405626 0.06844811331903632 0.134036177768 0.05696609771965146 0.1118916571742583 0.11577335888494909
0.06915909423112732 0.10892193010719245 0.1208360423603539 0.09231985177409838 0.12486058083042853 0.06621960473886174 0.13779131731814298 0.12191157329108239 0.09079557377605986 0.06718443157265255
0.0784533985849696 0.10382568550893219 0.10809956731129389 0.07798165903612772 0.0789105445500003 0.10528937865137265 0.15844499116245797 0.13156658358195802 0.08759752434068757 0.06983066727220022
0.11898402948315899 0.14338818940342032 0.08863829565155436 0.11330177861187962 0.09173685985565891 0.06837871984178351 0.08379165761785862 0.07664840653948184 0.07455491358305077 0.14057714941215302
0.1350073961522849 0.06482726736000576 0.10785797016283777 0.10034734154945456 0.12004942211308274 0.11451437805347618 0.07863683124031912 0.10427405107990648 0.11332451440582993 0.06116082788280242
0.0892510208707426 0.12171831560205695 0.09760420603552435 0.10998232351331438 0.11648039881669103 0.09940191147020529 0.10792098243513024 0.12536149193173673 0.0582893929671063 0.07398995635749195
0.0918305167143543 0.08978782138754174 0.0760457937113432 0.14188886968915213 0.061357251162287164 0.0735378434219709 0.07740809851730647 0.1101626213057584 0.14808631878392733 0.12989486530635827
0.13992170775060403 0.094001804184794 0.09827351073536036 0.07204154654262097 0.0735654280916895 0.08463080634601261 0.10503455106131557 0.11623635299142249 0.12547309148420377 0.09082120081197662
0.07224126142835685 0.08615823010201457 0.11191319501446054 0.10125471878642561 0.12058844500900931 0.10110944065334107 0.10033787323995481 0.06388508786264357 0.13950581816062013 0.10300592974317356
0.08125039167138318 0.06867347535040703 0.10669418963337493 0.1378854595584245 0.10271987539521829 0.07360286325744352 0.13626361212647095 0.10845704298966755 0.06903963316892449 0.11541345684868558
0.1368813655390344 0.11292828669105005 0.09520345462140911 0.10409710480761775 0.07658421521213166 0.08465675877925008 0.06104239226909516 0.10046026824310278 0.0821883096021049 0.1459578442352042
0.08044414303104008 0.08607585288716751 0.07244500693196655 0.10864112054248279 0.08377372863098172 0.1525512503445425 0.14391342095729878 0.10731530975577705 0.08722348293262684 0.07761668398611615
0.1100097519580756 0.1396279618273338 0.08343403386858866 0.0890036075998809 0.13554678547241616 0.12060576710633034 0.07161034163242792 0.059136072819598345 0.11826489008186171 0.0727607876334866
0.1104177332847074 0.09246563974626713 0.06417653931179738 0.11865284682611772 0.13954989978195553 0.11725884813846991 0.10316652320623054 0.08659437744015162 0.06790976673358529 0.09980782553071751
0.06278516858467335 0.07597437757887554 0.07113763837944072 0.09123011638533413 0.12539921572818416 0.15228706451834217 0.08268519742560318 0.06351886255537835 0.11708426484581046 0.1578980939983579
0.12165848434591033 0.07724956138340819 0.12268217096652442 0.07292011950831993 0.1277693535813838 0.11235189853853239 0.08785825391187661 0.08684841596713737 0.11396024816620298 0.07670149363070398
0.08509118659657992 0.06599591034414039 0.09423254271870148 0.14184485403639646 0.08669978818901393 0.15309355750613837 0.06560299647264373 0.06876727386752667 0.13970316892865828 0.09896872134020078
0.0739966698598385 0.10592397894670293 0.1261700825631261 0.09769238047219599 0.15343687565464573 0.0874770891871368 0.1459618850431321 0.06553653797350704 0.07917320559544931 0.0646312947042654
0.07929564776304938 0.07147004285699281 0.09433634499810925 0.08267851835502692 0.10433076466062616 0.1418608498930955 0.1104432838525979 0.07658680325715442 0.09409454086752385 0.14490320349582395
=====
0.08659087080695574 0.066469885111903 0.09614432511044466 0.14443565952990314 0.15460583877283882 0.05766733394592203 0.10103742385539682 0.08766123554424533 0.14085769791842476 0.06452972940396574
0.11045954151918794 0.087062847663579 0.0738323024843286 0.12797457571760285 0.07854282529574011 0.11725230893508484 0.07808591426416653 0.13969170017870908 0.10351374122596084 0.08358424271564023
0.1385978722389063 0.1466979488176017 0.0676999126492494 0.15802174590283535 0.07447550504098342 0.09757381180398744 0.11996538511831628 0.06661096921360696 0.06473673228477796 0.06562011692973532
0.06715500749217428 0.0746229986895772 0.1362582073219503 0.11062765291699332 0.13534035696143623 0.13830516801231618 0.06249468773548414 0.07119766082791845 0.09016500000463329 0.1138332600375167
0.09987242076597065 0.12714811695883674 0.08227359719622089 0.06119315427284702 0.07422419408534994 0.07744135312256656 0.10686920563780884 0.13781772128673017 0.14361678822652507 0.0895434484471443
0.12030510654784277 0.07559528811738399 0.08226445060049913 0.19093187180350404 0.11417625906222555 0.0899421169936712 0.08326544183562887 0.07963430950272908 0.08093654091768165 0.08294861461883363
0.0812495811147202 0.15560235683395163 0.1035919525793753 0.1538078654397978 0.06301797996694286 0.09985757883133818 0.09085849604414444 0.08007630236456095 0.06824045036097275 0.10369743646419591
0.08631156662695466 0.0764273568115806 0.07408984721494943 0.14093432802785313 0.07862029970991853 0.07879581347352005 0.11583251588683956 0.13668639183996442 0.09809610096536796 0.11420577944305169
0.08493328139490658 0.11961446796139004 0.08438717525363472 0.1321760516691508 0.0893212797799079 0.07768736373549817 0.13561995602303045 0.05792554498308763 0.1473228075337584 0.0710120716656354
0.12159430420167575 0.0734875876778399 0.12474678258536516 0.11169759170641846 0.07801798296868559 0.05871637008719035 0.12180446675949394 0.12887247155688655 0.10558032762105425 0.07548211483539018
0.0644161357690382 0.10059543997991718 0.08797023063153679 0.1354439824603673 0.06354297566553896 0.11689213380477523 0.07247123145764989 0.09764763755744046 0.12626699891699483 0.1347532337567413
0.08155824438062673 0.07629998284440422 0.10936689085246842 0.15911975794168218 0.07708284219790569 0.07417112505950109 0.06774385748905273 0.1487332561837723 0.1042596192789891 0.10166442377159762
0.10621767352019897 0.0636113873932468 0.07616694055450425 0.11439147255830803 0.10752595800346318 0.1140497460091021 0.10121278913943314 0.10471689413509508 0.10403363548727262 0.10807350319937577
0.07500891706085247 0.16696099313245255 0.12483811067573757 0.06969515284571844 0.087967842316202 0.0867250701883461 0.13651873093520536 0.09494483332962722 0.09044509372488713 0.06689525579097133
0.0593511019486282 0.13340071056334918 0.1294722894985298 0.09316320423357671 0.11100699460809738 0.06811195397625386 0.07731854245004227 0.0875652338389369 0.1322100003918915 0.10839996849069407
0.08321432338778387 0.06215702481173448 0.12552889598936826 0.08168904057762433 0.09595765882868279 0.1203578310662606 0.11702890946999372 0.0762512911894778 0.09068760192203505 0.14712742275703902
0.07362662105358667 0.14627936684119064 0.0598400564639792 0.14322314445842127 0.06001017310665883 0.1130582527407081 0.07793514557214354 0.11556273007609402 0.10396995380949675 0.10649455587772094
0.13665581899558202 0.13751041394567676 0.06684121282820535 0.12044142716218446 0.07293590121183105 0.05747895989330809 0.13216994633876705 0.11683927946151623 0.05785429345300456 0.1012727467099246
0.09401296393770048 0.06371141412331659 0.09931465007344695 0.13437206621456493 0.1494103498793382 0.10252881324365308 0.059924721593802854 0.07708235296363798 0.14513336017805178 0.07450930779248702
0.0740028646341423 0.11011467911972543 0.124430992412247 0.13532848543012424 0.10107757274917005 0.0674456173902593 0.11275313070177381 0.07917196845231192 0.06244193979145709 0.13323274931878895
0.1244192266431671 0.06419349679186145 0.13197932030702852 0.0590089035605837 0.08776685511895053 0.10889828029785695 0.10075465475633816 0.09361045443883953 0.11613925208048392 0.11322955600489017
0.068138303789197 0.09060152356902879 0.1445971281269266 0.10865670911590646 0.07765266058076907 0.09027751165849607 0.10402718668636549 0.09703815039091924 0.07308257521544197 0.14592825086694924
0.12373227445832942 0.06104907425178109 0.1118212647468047 0.0767899939279164 0.09026718286356279 0.07293528258784311 0.12393452505667894 0.10866245665069806 0.14968636837708543 0.08112157707930004
0.09954827195706865 0.06601495038753474 0.09778992341773252 0.09500608343807991 0.09407281078967847 0.1016423887069773 0.08492444679308549 0.11222306599007927 0.11780830328223006 0.13096975523753368
0.0945966868162619 0.148706931866596 0.08604468568383201 0.1250110621068211 0.08829098026540873 0.08029871620879615 0.1270410259913387 0.10033233434879842 0.06879305493637712 0.08088452177576987
0.06355635939324164 0.1429386240762033 0.06524554214680696 0.10708159331221327 0.09506278511575485 0.13146898001402543 0.1328919382113348 0.10027483492816046 0.09182389107584243 0.06965545172641668
0.06765864362969173 0.12957670253012027 0.11481872923922258 0.06890486567547954 0.08286872164783662 0.11048323168503081 0.16533080247281642 0.06484852699293178 0.06377974034038465 0.1317300357864857
0.08392780619186255 0.0732543285296857 0.0831665505067189 0.09954590259846116 0.06968935990949324 0.16159624963061348 0.10528587266687618 0.1483904151366666 0.09967982440054922 0.07546369042907294
0.06907152198182741 0.09751881932013011 0.0771911545512266 0.10966618497516145 0.11624257074303943 0.11063572007485356 0.07945112499236116 0.10711167308745281 0.06870274761083932 0.16440848266310812
0.09024560638855456 0.06317859989866427 0.11114219505478729 0.14498811346969057 0.06274548798338796 0.08119223085989118 0.14767189792067342 0.08949085420772947 0.1200672251036186 0.0892777891130027
0.12543881597732126 0.06952424658018491 0.12368896004194468 0.11071833212917265 0.09179740450458125 0.14706401877875952 0.06692347738217895 0.11759228030702787 0.07779895804962796 0.0694535062492009
0.13210371806723195 0.14127545093146962 0.12382132920930392 0.09262017619753118 0.08345217040672784 0.07521212140795565 0.11155657472261082 0.06067474226203762 0.11042345334955589 0.06886026344557555
0.06977817826200798 0.1428282298314586 0.13285330936875353 0.07989990940257072 0.09570633696105718 0.0884002788599077 0.11568029190633042 0.08637054096105412 0.07091497844705107 0.11756794599980874
0.11404860507271436 0.1660596525192753 0.10752457188313407 0.06949495494912561 0.0896096463886646 0.11528896792039663 0.10085840694186299 0.0748372078636106 0.07842616339777125 0.08385182306344445
0.10517099444261949 0.10202704749858561 0.10901977597178014 0.08585802703594655 0.11076377723568023 0.11702587187139833 0.1181036460437354 0.06239896775456823 0.0657711642444798 0.12386072790120611
0.10156650710511973 0.09094002642485542 0.07355769541342891 0.140717893321279 0.09310008939165254 0.14718954896350928 0.09538358025545113 0.12587412762672318 0.06176391533157921 0.06990661616640173
0.1402112029590804 0.10949149320122191 0.10594704469081442 0.11662244128108937 0.06118569833641023 0.07642687150874988 0.06988701744589197 0.12406126849742352 0.0629063038922039 0.13326065818711427
0.11700161630173576 0.07310824411299864 0.10414105936342406 0.08752851958361534 0.10870705468989819 0.13665817550213807 0.11106568229747282 0.0919927213687181 0.06806731413387936 0.10172961264611957
0.10436505545692085 0.08852695452255221 0.08846731443956668 0.09883576447641705 0.07662152313959487 0.07348793684326636 0.14710616407821223 0.10300515433805141 0.10821969450474299 0.11136443820067533
0.06076920791125433 0.09069095683752128 0.13284431409796946 0.13859076189552472 0.06777486844710677 0.1508700036649944 0.14521633109453833 0.06603103367931366 0.06807426081174943 0.07913826156002782
0.08732405046144855 0.06972450102006279 0.11906278666443487 0.12237156036758863 0.07571946021558673 0.09698932840181312 0.06720737414513539 0.08477174346164866 0.12531626445679064 0.15151293080549066
0.15087364460132954 0.08536298758517968 0.06404133530489599 0.13021723326859663 0.14958048273981034 0.06495491635339494 0.07757468805508293 0.0925764148538706 0.11614548938932266 0.0686728078485167
0.05828327309911262 0.08774158505921573 0.09892030455814499 0.09350014569690913 0.1393033522839787 0.08135592541114745 0.11406495925364257 0.10171667762754054 0.07904626738582635 0.14606750962448184
0.08272937861428009 0.08315357059756735 0.13829784506082451 0.10211999287399014 0.11349373796724499 0.09654444522064695 0.1127598660656145 0.13444288319545153 0.06542475074943066 0.07103352965494919
0.06416345945635543 0.1539192436106357 0.09734539596983231 0.1084423423002426 0.08056023218750234 0.0916413519703766 0.0966972633655045 0.07452505152717812 0.08057797861544279 0.15212768099692975
0.07444673187515141 0.13327010629455519 0.1130119795066839 0.14926019849647096 0.0857804412484607 0.06277258998494357 0.06550963143627195 0.1073304615417083 0.08034819329336881 0.12826966632238518
0.1324566169845334 0.09713662897743937 0.10768703469979962 0.1334103201599675 0.08412480111204795 0.06503095358951064 0.058806153456336864 0.11024953293724762 0.12303680722890845 0.08806115085420853
0.14519932580394548 0.11116201498806395 0.06548483277789356 0.06341471814005295 0.12455148172674714 0.1553802191452434 0.06560627710323315 0.08368050013329088 0.08465430969180061 0.10086632048972898
0.056263378577831175 0.11761560635126236 0.055463954985717503 0.13607623746911887 0.13005158365552755 0.0747541849948384 0.12859530609722405 0.13133753388285566 0.052486412226219144 0.11735580175940546
0.11261616116988993 0.11235530319201953 0.08036465631914544 0.10148211034377491 0.07436984092369231 0.15614981615589438 0.07028672991319153 0.12885330798495356 0.06858683974818075 0.09493523424925772
=====
